	(1)	(2)	(3)	(4)	(5)	(6)	(7)	(8)	(9)	(10)	(11)	(12)	(13)	(14)	(15)	(16)	(17)	(18)	(19)	(20)	(21)	(22)	(23)	(24)	(25)	(26)	(27)	(28)	(29)	(30)	(31)	(32)	(33)	(34)	(35)
VARIABLES	eduyears	eduyears	eduyears	eduyears	eduyears	eduyears	eduyears	eduyears	eduyears	eduyears	eduyears	eduyears	eduyears	eduyears	eduyears	eduyears	eduyears	eduyears	eduyears	eduyears	eduyears	eduyears	eduyears	eduyears	eduyears	eduyears	eduyears	eduyears	eduyears	eduyears	eduyears	eduyears	eduyears	eduyears	eduyears
																																			
fert	-0.475***	-0.278***	-0.460***	-0.728***	-0.741***	-0.527***	-0.301***	0.721	0.125	0.00361	-0.539***	-0.317***	0.706**	0.319	0.149	-0.512***	-0.311***	0.605*	0.0518	0.0248	-0.457***	-0.294***	0.318	-0.275	-0.392*	-0.401***	-0.276***	0.809***	0.255	0.103	-0.353***	-0.247***	0.508**	0.0204	0.0469
	(0.00326)	(0.00444)	(0.0933)	(0.122)	(0.122)	(0.00703)	(0.00913)	(0.750)	(0.451)	(0.431)	(0.00575)	(0.00746)	(0.325)	(0.344)	(0.316)	(0.00574)	(0.00742)	(0.314)	(0.297)	(0.301)	(0.00630)	(0.00809)	(0.235)	(0.237)	(0.227)	(0.00726)	(0.00920)	(0.254)	(0.277)	(0.268)	(0.00887)	(0.0112)	(0.227)	(0.218)	(0.210)
malec	-0.143***	0.128***	-0.145***	0.114***	0.167***	-0.166***	0.159***	-0.222***	0.189***	0.239***	-0.152***	0.169***	-0.242***	0.202***	0.266***	-0.0690***	0.282***	-0.160***	0.288***	0.364***	0.00865	0.347***	-0.0647**	0.347***	0.427***	0.129***	0.432***	0.0222	0.405***	0.484***	0.221***	0.490***	0.162***	0.477***	0.554***
	(0.0158)	(0.0196)	(0.0194)	(0.0207)	(0.0207)	(0.0285)	(0.0342)	(0.0481)	(0.0474)	(0.0478)	(0.0226)	(0.0274)	(0.0356)	(0.0341)	(0.0332)	(0.0217)	(0.0267)	(0.0356)	(0.0276)	(0.0272)	(0.0225)	(0.0278)	(0.0326)	(0.0285)	(0.0275)	(0.0241)	(0.0298)	(0.0352)	(0.0338)	(0.0319)	(0.0270)	(0.0334)	(0.0325)	(0.0352)	(0.0340)
agemay	0.0847***	0.0556***	0.0833***	0.103***	0.108***	0.121***	0.0459***	0.275***	0.0769**	0.0614**	0.0973***	0.0379***	0.239***	0.0859***	0.0673***	0.0662***	0.0330***	0.175***	0.0602***	0.0541**	0.0468***	0.0301***	0.109***	0.0313*	0.0230	0.0350***	0.0277***	0.117***	0.0578***	0.0493***	0.0323***	0.0326***	0.0819***	0.0456***	0.0476***
	(0.00210)	(0.00263)	(0.00901)	(0.0132)	(0.0130)	(0.00449)	(0.00560)	(0.0922)	(0.0333)	(0.0313)	(0.00366)	(0.00455)	(0.0372)	(0.0265)	(0.0239)	(0.00360)	(0.00449)	(0.0310)	(0.0228)	(0.0228)	(0.00382)	(0.00476)	(0.0193)	(0.0164)	(0.0157)	(0.00418)	(0.00519)	(0.0177)	(0.0166)	(0.0160)	(0.00479)	(0.00590)	(0.0140)	(0.0121)	(0.0116)
age18	-1.876*	-6.083***	-0.254	-1.245	-0.497	-1.788	-6.132***	2.055	-1.037	0.0236	-1.628	-0.193	2.510	-1.059	-0.0968	-2.683**	-5.973***	2.784	-0.906	-0.0368	0.127	-6.013***	2.322	-1.061	-0.309	-2.198*	-0.188	3.588	-0.779	-0.0898	-2.722**	-6.263***	2.663	-0.624	0.0479
	(1.133)	(1.664)	(3.664)	(3.514)	(3.427)	(28,947)	(1.657)	(4.807)	(3.452)	(3.282)	(16,894)	(56,150)	(4.486)	(3.595)	(3.372)	(1.277)	(1.717)	(4.360)	(3.541)	(3.399)	(18,629)	(1.736)	(4.046)	(3.526)	(3.411)	(1.280)	(21,530)	(4.277)	(3.628)	(3.460)	(1.343)	(1.740)	(3.983)	(3.558)	(3.443)
age19	-1.516	-5.746***	0.105	-0.907	-0.156	-1.309	-5.643***	2.413	-0.587	0.471	-1.248	0.165	2.777	-0.737	0.224	-2.314*	-5.612***	3.050	-0.566	0.288	0.470	-5.661***	2.591	-0.710	0.0429	-1.846	0.187	3.817	-0.454	0.255	-2.380*	-5.886***	2.921	-0.271	0.400
	(1.133)	(1.664)	(3.663)	(3.514)	(3.426)	(28,947)	(1.657)	(4.779)	(3.451)	(3.280)	(16,894)	(56,150)	(4.481)	(3.594)	(3.371)	(1.277)	(1.717)	(4.355)	(3.541)	(3.398)	(18,629)	(1.736)	(4.043)	(3.525)	(3.410)	(1.279)	(21,530)	(4.273)	(3.627)	(3.459)	(1.343)	(1.739)	(3.980)	(3.558)	(3.442)
age20	-0.974	-5.341***	0.648	-0.538	0.195	-0.796	-5.241***	2.854	-0.170	0.864	-0.698	0.596	3.272	-0.298	0.636	-1.807	-5.201***	3.499	-0.159	0.664	1.005	-5.197***	3.082	-0.246	0.480	-1.346	0.614	4.263	-0.0344	0.632	-1.867	-5.442***	3.399	0.166	0.808
	(1.133)	(1.664)	(3.663)	(3.514)	(3.427)	(28,947)	(1.657)	(4.763)	(3.451)	(3.281)	(16,894)	(56,150)	(4.479)	(3.594)	(3.371)	(1.277)	(1.717)	(4.352)	(3.541)	(3.398)	(18,629)	(1.736)	(4.041)	(3.525)	(3.410)	(1.279)	(21,530)	(4.272)	(3.627)	(3.459)	(1.343)	(1.739)	(3.979)	(3.557)	(3.441)
age21	-0.948	-5.284***	0.674	-0.507	0.242	-0.766	-5.202***	2.787	-0.134	0.924	-0.675	0.668	3.207	-0.227	0.722	-1.802	-5.150***	3.450	-0.103	0.746	0.960	-5.232***	2.995	-0.282	0.481	-1.377	0.604	4.156	-0.0627	0.647	-1.983	-5.543***	3.204	0.0500	0.714
	(1.133)	(1.664)	(3.663)	(3.514)	(3.427)	(28,947)	(1.657)	(4.742)	(3.451)	(3.280)	(16,894)	(56,150)	(4.475)	(3.594)	(3.371)	(1.277)	(1.717)	(4.349)	(3.541)	(3.398)	(18,629)	(1.736)	(4.039)	(3.525)	(3.410)	(1.279)	(21,530)	(4.269)	(3.627)	(3.459)	(1.343)	(1.739)	(3.977)	(3.557)	(3.441)
age22	-0.330	-4.881***	1.292	-0.144	0.584	-0.0935	-4.771***	3.507	0.330	1.355	-0.0558	1.067	3.879	0.196	1.137	-1.158	-4.711***	4.085	0.326	1.162	1.585	-4.767***	3.603	0.183	0.922	-0.796	1.032	4.661	0.338	1.026	-1.353	-5.062***	3.797	0.522	1.160
	(1.133)	(1.664)	(3.664)	(3.514)	(3.427)	(28,947)	(1.657)	(4.752)	(3.452)	(3.282)	(16,894)	(56,150)	(4.477)	(3.594)	(3.372)	(1.277)	(1.717)	(4.349)	(3.541)	(3.398)	(18,629)	(1.736)	(4.038)	(3.525)	(3.410)	(1.280)	(21,530)	(4.267)	(3.626)	(3.458)	(1.343)	(1.740)	(3.976)	(3.557)	(3.441)
age23	-0.354	-4.860***	1.268	-0.158	0.586	-0.105	-4.756***	3.418	0.347	1.379	-0.0528	1.096	3.818	0.249	1.170	-1.202	-4.727***	4.003	0.332	1.159	1.544	-4.817***	3.543	0.133	0.873	-0.819	0.998	4.635	0.326	1.014	-1.438	-5.136***	3.679	0.439	1.079
	(1.133)	(1.664)	(3.663)	(3.514)	(3.427)	(28,947)	(1.657)	(4.736)	(3.452)	(3.282)	(16,894)	(56,150)	(4.474)	(3.595)	(3.372)	(1.277)	(1.717)	(4.347)	(3.541)	(3.398)	(18,629)	(1.736)	(4.038)	(3.525)	(3.410)	(1.279)	(21,530)	(4.267)	(3.627)	(3.459)	(1.343)	(1.739)	(3.975)	(3.556)	(3.440)
age24	-0.0605	-4.718***	1.562	-0.0661	0.658	0.288	-4.533***	3.913	0.637	1.635	0.205	1.196	4.117	0.411	1.318	-0.948	-4.618***	4.268	0.464	1.297	1.774	-4.693***	3.761	0.258	0.986	-0.571	1.128	4.831	0.468	1.160	-1.188	-5.010***	3.927	0.573	1.234
	(1.133)	(1.664)	(3.664)	(3.515)	(3.428)	(28,947)	(1.657)	(4.758)	(3.456)	(3.288)	(16,894)	(56,150)	(4.476)	(3.595)	(3.373)	(1.277)	(1.717)	(4.348)	(3.541)	(3.399)	(18,629)	(1.736)	(4.037)	(3.526)	(3.411)	(1.280)	(21,530)	(4.266)	(3.627)	(3.459)	(1.343)	(1.740)	(3.975)	(3.557)	(3.441)
age25	0.157	-4.635***	1.779	-0.0143	0.729	0.387	-4.631***	3.937	0.568	1.549	0.494	1.361	4.328	0.602	1.478	-0.713	-4.527***	4.492	0.586	1.424	2.010	-4.556***	4.008	0.396	1.120	-0.431	1.216	5.005	0.589	1.285	-1.027	-4.970***	4.098	0.626	1.297
	(1.133)	(1.664)	(3.664)	(3.515)	(3.428)	(28,947)	(1.657)	(4.742)	(3.459)	(3.290)	(16,894)	(56,150)	(4.473)	(3.596)	(3.374)	(1.277)	(1.717)	(4.347)	(3.542)	(3.400)	(18,629)	(1.736)	(4.038)	(3.526)	(3.411)	(1.280)	(21,530)	(4.267)	(3.627)	(3.460)	(1.343)	(1.740)	(3.975)	(3.557)	(3.441)
age26	-0.170	-4.775***	1.452	-0.230	0.561	-0.0144	-4.779***	3.437	0.446	1.481	0.0592	1.156	3.894	0.476	1.405	-1.013	-4.607***	4.168	0.528	1.405	1.704	-4.692***	3.651	0.261	1.038	-0.686	1.091	4.654	0.451	1.178	-1.234	-5.021***	3.830	0.568	1.269
	(1.133)	(1.664)	(3.664)	(3.516)	(3.429)	(28,947)	(1.656)	(4.721)	(3.461)	(3.292)	(16,894)	(56,150)	(4.473)	(3.597)	(3.375)	(1.277)	(1.717)	(4.346)	(3.542)	(3.401)	(18,629)	(1.736)	(4.036)	(3.526)	(3.411)	(1.280)	(21,530)	(4.264)	(3.627)	(3.460)	(1.343)	(1.740)	(3.973)	(3.557)	(3.441)
age27	0.185	-4.590***	1.807	-0.0650	0.655	0.533	-4.343***	4.048	0.899	1.851	0.536	1.415	4.391	0.766	1.600	-0.603	-4.368**	4.586	0.784	1.566	2.087	-4.523***	4.040	0.431	1.119	-0.342	1.225	4.937	0.582	1.249	-1.002	-4.844***	3.985	0.726	1.352
	(1.134)	(1.664)	(3.664)	(3.516)	(3.430)	(28,947)	(1.657)	(4.734)	(3.463)	(3.294)	(16,894)	(56,150)	(4.474)	(3.598)	(3.377)	(1.278)	(1.717)	(4.346)	(3.543)	(3.401)	(18,629)	(1.736)	(4.036)	(3.527)	(3.412)	(1.280)	(21,530)	(4.263)	(3.628)	(3.460)	(1.344)	(1.741)	(3.972)	(3.557)	(3.441)
age28	0.205	-4.515***	1.828	-0.0747	0.643	0.505	-4.318***	4.047	1.043	1.952	0.564	1.447	4.410	0.908	1.738	-0.592	-4.430***	4.595	0.775	1.581	2.161	-4.465**	4.139	0.492	1.168	-0.411	1.122	4.983	0.580	1.222	-1.017	-4.982***	4.027	0.616	1.245
	(1.134)	(1.665)	(3.664)	(3.517)	(3.431)	(28,947)	(1.658)	(4.740)	(3.476)	(3.310)	(16,894)	(56,150)	(4.473)	(3.602)	(3.381)	(1.278)	(1.718)	(4.346)	(3.545)	(3.404)	(18,629)	(1.737)	(4.037)	(3.528)	(3.413)	(1.281)	(21,530)	(4.266)	(3.630)	(3.462)	(1.344)	(1.742)	(3.973)	(3.559)	(3.443)
age29	0.194	-4.563***	1.816	-0.131	0.652	0.553	-4.254**	4.045	1.119	2.067	0.499	1.435	4.338	0.962	1.819	-0.637	-4.410**	4.533	0.823	1.688	2.068	-4.501***	3.988	0.457	1.211	-0.300	1.410	5.002	0.888	1.564	-0.954	-4.744***	4.037	0.883	1.575
	(1.134)	(1.665)	(3.663)	(3.517)	(3.431)	(28,947)	(1.657)	(4.730)	(3.476)	(3.311)	(16,894)	(56,150)	(4.473)	(3.603)	(3.382)	(1.278)	(1.718)	(4.346)	(3.545)	(3.404)	(18,629)	(1.737)	(4.035)	(3.527)	(3.412)	(1.281)	(21,530)	(4.263)	(3.629)	(3.462)	(1.345)	(1.742)	(3.971)	(3.558)	(3.442)
age30	0.0698	-4.649***	1.692	-0.369	0.386	0.580	-4.432***	4.148	1.066	2.010	0.501	1.307	4.421	1.019	1.808	-0.759	-4.504***	4.507	0.873	1.698	1.853	-4.724***	3.866	0.241	0.952	-0.479	1.129	4.952	0.786	1.388	-1.148	-4.852***	3.948	0.861	1.574
	(1.136)	(1.667)	(3.664)	(3.520)	(3.434)	(28,947)	(1.660)	(4.746)	(3.497)	(3.334)	(16,894)	(56,150)	(4.477)	(3.613)	(3.393)	(1.280)	(1.720)	(4.351)	(3.554)	(3.415)	(18,629)	(1.740)	(4.039)	(3.532)	(3.417)	(1.283)	(21,530)	(4.267)	(3.635)	(3.468)	(1.348)	(1.747)	(3.975)	(3.562)	(3.447)
age31	-0.486	-5.142***	1.136	-0.952	-0.135	-0.452	-5.233***	3.166	0.383	1.355	-0.201	0.692	3.654	0.487	1.367	-1.172	-4.905***	4.007	0.498	1.404	1.614	-4.850***	3.568	0.115	0.812	-0.827	0.769	4.505	0.438	1.083	-1.426	-5.525***	3.635	0.182	0.968
	(1.135)	(1.667)	(3.664)	(3.522)	(3.436)	(28,947)	(1.660)	(4.756)	(3.521)	(3.360)	(16,894)	(56,150)	(4.474)	(3.619)	(3.400)	(1.279)	(1.720)	(4.347)	(3.557)	(3.419)	(18,629)	(1.740)	(4.037)	(3.533)	(3.419)	(1.282)	(21,530)	(4.265)	(3.638)	(3.471)	(1.346)	(1.747)	(3.974)	(3.565)	(3.449)
age32	0.320	-4.499***	1.939	-0.111	0.754	0.643	-4.282**	3.918	1.137	2.148	0.637	1.356	4.423	1.033	1.963	-0.550	-4.468***	4.610	0.905	1.854	2.146	-4.611***	4.131	0.353	1.159	-0.227	1.170	5.141	0.794	1.522	-0.876	-5.091***	4.205	0.613	1.335
	(1.141)	(1.674)	(3.665)	(3.523)	(3.437)	(28,947)	(1.669)	(4.689)	(3.490)	(3.325)	(16,894)	(56,150)	(4.474)	(3.617)	(3.396)	(1.285)	(1.729)	(4.349)	(3.559)	(3.421)	(18,629)	(1.750)	(4.041)	(3.538)	(3.424)	(1.290)	(21,530)	(4.270)	(3.643)	(3.475)	(1.355)	(1.762)	(3.979)	(3.573)	(3.456)
age33	-0.378	-5.069***	1.241	-0.847	-0.0194	-0.0477	-4.931***	3.719	0.752	1.711	0.0744	0.974	3.967	0.892	1.590	-1.144	-4.933***	4.017	0.527	1.304	1.633	-4.948***	3.596	0.0201	0.661	-0.663	0.934	4.552	0.670	1.264	-0.716	-4.737***	4.245	0.989	1.686
	(1.142)	(1.678)	(3.666)	(3.529)	(3.443)	(28,947)	(1.674)	(4.795)	(3.545)	(3.379)	(16,894)	(56,150)	(4.481)	(3.636)	(3.414)	(1.288)	(1.734)	(4.351)	(3.570)	(3.432)	(18,629)	(1.758)	(4.042)	(3.546)	(3.432)	(1.294)	(21,530)	(4.268)	(3.654)	(3.487)	(1.361)	(1.775)	(3.979)	(3.582)	(3.466)
age34	-0.949	-5.338***	0.668	-1.156	-0.454	-0.489	-5.058***	2.587	0.560	1.349	-0.567	0.596	3.056	0.652	1.302	-1.741	-5.093***	3.043	0.343	1.014	0.852	-5.322***	2.630	-0.352	0.0895	-1.620	0.530	3.431	0.261	0.658	-1.899	-5.302***	2.862	0.416	0.873
	(1.161)	(1.698)	(3.671)	(3.539)	(3.453)	(28,947)	(1.703)	(4.662)	(3.544)	(3.381)	(16,894)	(56,150)	(4.477)	(3.657)	(3.437)	(1.308)	(1.759)	(4.342)	(3.580)	(3.441)	(18,629)	(1.784)	(4.042)	(3.560)	(3.445)	(1.317)	(21,530)	(4.273)	(3.668)	(3.501)	(1.389)	(1.812)	(3.984)	(3.600)	(3.484)
age35	-0.141	-5.937***	1.484	-2.028	-1.113	0.154	-5.648***	4.401	0.255	0.985	0.388	0.0292	4.988	0.167	0.839	-0.524	-5.867***	5.024	-0.407	0.459	2.243	-5.699***	4.517	-0.726	-0.145	0.00124	-0.176	5.778	-0.328	0.283	-0.796	-5.657***	4.359	0.144	0.781
	(1.196)	(1.762)	(3.689)	(3.578)	(3.490)	(28,947)	(1.779)	(4.939)	(3.653)	(3.486)	(16,894)	(56,150)	(4.542)	(3.707)	(3.482)	(1.356)	(1.858)	(4.399)	(3.633)	(3.492)	(18,629)	(1.892)	(4.086)	(3.618)	(3.501)	(1.382)	(21,530)	(4.323)	(3.738)	(3.567)	(1.486)	(1.951)	(4.034)	(3.678)	(3.559)
age36	-1.569	-5.673***	0.0474	-1.884	-1.051	-0.625	-5.281***	3.233	0.874	1.674	-1.102	0.458	3.229	1.147	1.640	-2.116	-5.283***	3.196	0.617	1.312	0.611	-4.680**	2.696	0.312	0.662	-1.712	1.210	4.044	1.658	1.772	-2.069	-5.912***	3.247	0.0611	1.146
	(1.237)	(1.841)	(3.700)	(3.585)	(3.498)	(28,947)	(1.855)	(4.859)	(3.726)	(3.560)	(16,894)	(56,150)	(4.544)	(3.772)	(3.543)	(1.389)	(1.936)	(4.405)	(3.702)	(3.565)	(18,629)	(1.993)	(4.094)	(3.676)	(3.557)	(1.408)	(21,530)	(4.334)	(3.823)	(3.650)	(1.504)	(2.169)	(4.049)	(3.792)	(3.669)
age37			1.615	4.861	4.621	0.735		4.653	5.220	5.041	0.609	5.820	4.099	5.189	4.864			4.428	5.223	4.856	2.638		4.266	4.962	4.447		5.930	5.232	5.683	5.030			5.074	5.830	5.288
			(3.830)	(3.882)	(3.785)	(28,947)		(5.035)	(3.813)	(3.622)	(16,894)	(56,150)	(4.707)	(3.974)	(3.727)			(4.551)	(3.913)	(3.755)	(18,629)		(4.245)	(3.892)	(3.764)		(21,530)	(4.495)	(4.008)	(3.822)			(4.214)	(3.931)	(3.802)
educmale1					-1.066***					-1.454***					-1.586***					-1.713***					-1.494***					-1.760***					-1.727***
					(0.131)					(0.289)					(0.191)					(0.179)					(0.150)					(0.156)					(0.152)
educmale2					0.304**					0.0393					-0.0797					-0.225					-0.0786					-0.312**					-0.255*
					(0.120)					(0.261)					(0.166)					(0.155)					(0.139)					(0.145)					(0.149)
educmale3					1.239***					1.307***					1.268***					1.086***					1.151***					0.969***					1.104***
					(0.101)					(0.184)					(0.137)					(0.129)					(0.129)					(0.136)					(0.150)
educmale4					2.057***					2.131***					2.175***					2.088***					2.189***					2.042***					2.061***
					(0.107)					(0.186)					(0.145)					(0.136)					(0.143)					(0.157)					(0.179)
educmale5					-0.633					0.300					0.180					0.0438					-0.142					0.337					
					(3.355)					(3.197)					(3.301)					(3.326)					(3.332)					(3.386)					
educfyrs1					-1.822					-5.775*					-4.394*					-0.684					-2.541					-3.188					-3.491**
					(1.985)					(3.294)					(2.387)					(3.340)					(3.326)					(3.379)					(1.374)
educfyrs2					-1.554					-5.453*					-4.008*					-0.352					-2.256					-2.816					-3.098**
					(1.985)					(3.303)					(2.389)					(3.338)					(3.326)					(3.379)					(1.377)
educfyrs3					-1.190					-5.066					-3.656					0.0598					-1.826					-2.422					-2.771**
					(1.981)					(3.288)					(2.385)					(3.339)					(3.326)					(3.377)					(1.375)
educfyrs4					-1.019					-4.696					-3.255					0.432					-1.565					-2.037					-2.268*
					(1.977)					(3.274)					(2.372)					(3.333)					(3.325)					(3.375)					(1.374)
educfyrs5					-0.883					-4.470					-3.095					0.593					-1.429					-1.940					-2.267*
					(1.974)					(3.263)					(2.370)					(3.332)					(3.325)					(3.375)					(1.375)
educfyrs6					-0.618					-3.941					-2.536					1.064					-1.016					-1.459					-1.866
					(1.968)					(3.243)					(2.356)					(3.327)					(3.324)					(3.373)					(1.374)
educfyrs7					-0.507					-3.501					-2.129					1.406					-0.742					-1.197					-1.590
					(1.961)					(3.228)					(2.349)					(3.324)					(3.325)					(3.371)					(1.374)
educfyrs8					-0.435					-3.596					-2.180					1.437					-0.676					-1.120					-1.560
					(1.961)					(3.233)					(2.352)					(3.324)					(3.325)					(3.372)					(1.375)
educfyrs9					-0.215					-3.326					-1.792					1.775					-0.436					-0.775					-1.106
					(1.959)					(3.228)					(2.349)					(3.324)					(3.325)					(3.373)					(1.377)
educfyrs10					-0.534					-3.377					-1.855					1.771					-0.520					-0.723					-1.114
					(1.953)					(3.215)					(2.341)					(3.322)					(3.326)					(3.371)					(1.380)
educfyrs11					0.0214					-2.784					-1.195					2.299					-0.0452					-0.466					-0.918
					(1.951)					(3.211)					(2.339)					(3.322)					(3.326)					(3.372)					(1.381)
educfyrs12					-0.393					-2.697					-1.246					2.250					-0.0579					-0.280					-0.681
					(1.945)					(3.201)					(2.334)					(3.320)					(3.329)					(3.370)					(1.389)
educfyrs13					-0.807					-3.108					-1.670					1.694					-0.433					-0.536					-0.427
					(1.944)					(3.202)					(2.334)					(3.321)					(3.328)					(3.374)					(1.396)
educfyrs14					0.242					-2.147					-0.502					2.933					0.405					0.136					0.388
					(1.945)					(3.201)					(2.337)					(3.325)					(3.339)					(3.387)					(1.466)
educfyrs15					-0.449					-2.730					-1.180					2.193					-0.220					-0.106					-0.197
					(1.944)					(3.201)					(2.337)					(3.325)					(3.336)					(3.386)					(1.449)
educfyrs16					0.154					-1.862					-0.145					3.198					0.246					0.0419					-0.502
					(1.941)					(3.198)					(2.335)					(3.326)					(3.342)					(3.390)					(1.478)
educfyrs17					-1.259					-3.080					-1.677					1.585					-0.488					-0.496					-0.410
					(1.940)					(3.197)					(2.334)					(3.323)					(3.335)					(3.386)					(1.490)
educfyrs18					-0.663					-2.606					-0.868					2.424					0.111					-0.122					-0.716
					(1.945)					(3.201)					(2.342)					(3.336)					(3.363)					(3.463)					(1.657)
educfyrs19					0.0598					-2.260					-0.531					3.191					1.421					1.896					0.762
					(1.966)					(3.229)					(2.378)					(3.358)					(3.419)					(3.520)					(3.619)
educfyrs20					-0.489					-3.372					-2.254					1.790					1.059					0.215					
					(2.024)					(3.289)					(2.535)					(3.519)					(3.599)					(3.655)					
educfyrs21					-0.974					-2.706					0.272					2.951					1.300					1.622					
					(2.235)					(3.569)					(2.866)					(3.737)					(4.722)					(4.781)					
educfyrs22					-1.441					-2.911					-3.786					-0.301															
					(2.370)					(3.576)					(4.036)					(4.700)															
educfyrs23					0.0404					-5.441					-3.788																				
					(3.102)					(4.568)					(4.049)																				
height		0.0192***		0.0147***	0.0107***		0.0231***		0.0265***	0.0209***		0.0215***		0.0273***	0.0209***		0.0202***		0.0230***	0.0187***		0.0172***		0.0173***	0.0130***		0.0146***		0.0171***	0.0135***		0.0153***		0.0160***	0.0134***
		(0.00162)		(0.00207)	(0.00199)		(0.00279)		(0.00463)	(0.00418)		(0.00224)		(0.00393)	(0.00340)		(0.00219)		(0.00323)	(0.00303)		(0.00228)		(0.00286)	(0.00268)		(0.00244)		(0.00283)	(0.00270)		(0.00273)		(0.00280)	(0.00271)
bmi		0.0736***		0.0655***	0.0522***		0.0681***		0.0785***	0.0605***		0.0710***		0.0882***	0.0670***		0.0791***		0.0886***	0.0709***		0.0844***		0.0847***	0.0676***		0.0853***		0.0912***	0.0749***		0.0791***		0.0799***	0.0650***
		(0.00196)		(0.00299)	(0.00282)		(0.00345)		(0.0116)	(0.0106)		(0.00277)		(0.00978)	(0.00850)		(0.00273)		(0.00821)	(0.00779)		(0.00286)		(0.00568)	(0.00523)		(0.00310)		(0.00444)	(0.00406)		(0.00347)		(0.00356)	(0.00345)
poor1		-1.849***		-1.476***	-1.166***		-1.916***		-2.217***	-1.729***		-1.815***		-2.304***	-1.779***		-1.838***		-2.088***	-1.691***		-1.796***		-1.807***	-1.407***		-1.716***		-1.974***	-1.584***		-1.654***		-1.755***	-1.477***
		(0.0387)		(0.109)	(0.100)		(0.0690)		(0.327)	(0.290)		(0.0543)		(0.271)	(0.232)		(0.0510)		(0.211)	(0.199)		(0.0521)		(0.154)	(0.140)		(0.0549)		(0.146)	(0.134)		(0.0606)		(0.103)	(0.0952)
yearc7	-0.545		-1.297	8.398**	9.432***	1.940	5.285	-5.108	0.203	2.790	3.944		-4.131***	-1.624	1.193	-0.369		-3.749***	1.373	2.693	3.618		-2.204*	4.526	6.245*	3.393		-1.771	1.198	2.997	0.108		-1.952	2.696	3.352
	(15,348)		(0.934)	(3.625)	(3.533)	(3.933)	(38,552)	(3.130)	(5.679)	(5.352)	(3.832)		(1.444)	(4.775)	(4.398)	(17,444)		(1.390)	(4.319)	(4.192)	(3.888)		(1.166)	(3.911)	(3.764)	(3.879)		(1.260)	(3.993)	(3.810)	(4.119)		(1.299)	(3.715)	(3.589)
yearc11	-0.283	-5.200	-1.022*	1.175	0.987	2.101	0.522	-4.146*	-2.333	-1.303	3.591	-5.289	-4.197***	-3.854*	-3.271	-0.388	-5.219	-3.041***	-2.154	-2.360	3.207	-5.228	-2.373***	-0.616	-0.716	3.718	-5.025	-1.297	-1.474	-1.719	-0.114	-4.838	-1.870**	-0.987	-1.625
	(15,348)	(3.618)	(0.600)	(1.666)	(1.630)	(3.815)	(38,552)	(2.479)	(2.979)	(2.826)	(3.766)	(3.652)	(1.126)	(2.251)	(2.095)	(17,444)	(3.729)	(0.958)	(1.990)	(1.947)	(3.819)	(3.769)	(0.846)	(1.768)	(1.711)	(3.808)	(3.765)	(0.940)	(1.765)	(1.689)	(4.025)	(3.774)	(0.902)	(1.664)	(1.611)
yearc12	-0.682	-8.246**	-1.411**	-1.190	-0.153	0.510	-3.781	-4.714**	-7.563**	-5.374	2.776	-8.223**	-3.933***	-7.727***	-5.491**	-0.699	-8.252**	-2.616***	-5.705**	-4.463*	3.420	-8.257**	-1.826**	-3.672*	-2.272	3.568	-8.144**	-1.143	-5.360**	-4.003**	0.568	-8.052**	-1.170	-4.592**	-3.844**
	(15,348)	(3.692)	(0.587)	(1.899)	(1.847)	(3.815)	(38,552)	(1.965)	(3.757)	(3.526)	(3.766)	(3.728)	(0.977)	(2.740)	(2.503)	(17,444)	(3.806)	(0.885)	(2.391)	(2.319)	(3.824)	(3.846)	(0.852)	(2.080)	(1.996)	(3.818)	(3.842)	(0.988)	(2.082)	(1.984)	(4.044)	(3.852)	(0.995)	(1.913)	(1.847)
yearc13	-0.0950	-4.998	-0.823	1.126	1.842	2.407	0.745	-1.347	-1.783	-0.761	3.245	-4.506	-3.103***	-2.312	-0.917	-0.185	-5.136	-2.256**	-1.801	-0.921	3.829	-5.112	-1.400*	-0.487	0.358	3.784	-4.989	-0.607	-1.074	-0.333	0.455	-4.855	-1.089	-0.826	-0.308
	(15,348)	(3.618)	(0.561)	(1.644)	(1.600)	(3.831)	(38,552)	(1.441)	(3.060)	(2.885)	(3.782)	(3.728)	(1.025)	(2.142)	(1.976)	(17,444)	(3.729)	(0.914)	(1.871)	(1.799)	(3.818)	(3.769)	(0.817)	(1.705)	(1.642)	(3.806)	(3.765)	(0.925)	(1.714)	(1.633)	(4.031)	(3.774)	(0.930)	(1.644)	(1.589)
yearc14	-0.520	-4.970	-1.242**	0.678	1.260	2.181	-1.411	-1.420	-3.942	-2.217	4.112	-5.049	-1.719**	-2.674	-1.359	-0.0947	-5.053	-1.055	-1.439	-0.689	3.850	-4.984	-0.710	-0.344	0.313	3.953	-4.495	0.154	-0.366	0.144	0.943	-4.727	-0.265	-0.701	-0.187
	(15,348)	(3.503)	(0.483)	(1.307)	(1.270)	(3.783)	(38,552)	(1.197)	(2.560)	(2.377)	(3.752)	(3.537)	(0.819)	(1.683)	(1.538)	(17,444)	(3.611)	(0.770)	(1.493)	(1.431)	(3.803)	(3.649)	(0.730)	(1.362)	(1.312)	(3.798)	(3.674)	(0.894)	(1.469)	(1.400)	(4.022)	(3.721)	(0.889)	(1.518)	(1.467)
yearc15	0.464	-5.846*	-0.262	0.309	0.992	2.706	2.345	-1.954	-0.693	0.666	4.526	-5.546	-1.908**	-3.890**	-2.281	0.916	-5.588	-1.159	-2.389	-1.606	4.574	-5.865*	-0.809	-1.249	-0.411	4.550	-5.727	-0.379	-2.072*	-1.326	1.065	-5.596	-0.602	-1.711	-1.281
	(15,348)	(3.404)	(0.473)	(1.043)	(1.013)	(3.783)	(38,552)	(1.604)	(2.757)	(2.599)	(3.750)	(3.460)	(0.851)	(1.787)	(1.623)	(17,444)	(3.524)	(0.808)	(1.477)	(1.432)	(3.801)	(3.547)	(0.734)	(1.188)	(1.139)	(3.790)	(3.543)	(0.838)	(1.157)	(1.102)	(4.003)	(3.551)	(0.786)	(1.050)	(1.015)
yearc16	0.474	-4.712	-0.249	1.340	1.839*	2.717	-0.273	-1.556	-3.018	-1.837	4.758	-4.940	-1.424*	-3.064*	-1.712	0.842	-4.790	-0.727	-1.533	-0.889	4.449	-4.806	-0.546	-0.185	0.445	3.952	-4.630	-0.413	-0.862	-0.342	0.857	-4.831	-0.577	-0.944	-0.779
	(15,348)	(3.427)	(0.469)	(1.109)	(1.078)	(3.787)	(38,552)	(1.450)	(2.495)	(2.343)	(3.752)	(3.483)	(0.841)	(1.743)	(1.584)	(17,444)	(3.533)	(0.787)	(1.466)	(1.416)	(3.802)	(3.571)	(0.721)	(1.232)	(1.183)	(3.792)	(3.567)	(0.846)	(1.210)	(1.153)	(4.012)	(3.586)	(0.833)	(1.163)	(1.123)
yearc17	0.438	-4.766	-0.287	0.783	0.995	2.632	1.311	-1.572	-0.784	-0.240	4.477	-4.719	-1.693**	-2.139*	-1.457	0.575	-4.845	-1.234*	-1.237	-0.970	4.414	-4.737	-0.672	-0.102	0.0792	3.656	-5.019	-1.121	-1.178	-0.954	0.299	-5.089	-1.407*	-1.140	-1.065
	(15,348)	(3.349)	(0.421)	(0.742)	(0.723)	(3.764)	(38,552)	(1.333)	(1.695)	(1.610)	(3.741)	(3.396)	(0.767)	(1.236)	(1.136)	(17,444)	(3.456)	(0.737)	(1.050)	(1.021)	(3.793)	(3.493)	(0.665)	(0.884)	(0.852)	(3.780)	(3.498)	(0.779)	(0.958)	(0.915)	(3.993)	(3.509)	(0.727)	(0.879)	(0.849)
yearc18	0.704	-5.176	-0.0178	0.672	1.187	2.927	1.123	-0.784	-1.155	-0.0758	4.828	-5.026	-1.029	-2.727**	-1.502	0.817	-5.137	-0.850	-1.631	-0.999	4.570	-5.092	-0.476	-0.459	0.121	4.397	-5.032	-0.105	-0.956	-0.517	1.153	-5.098	-0.350	-1.134	-0.779
	(15,348)	(3.349)	(0.417)	(0.780)	(0.758)	(3.766)	(38,552)	(1.149)	(1.876)	(1.763)	(3.743)	(3.403)	(0.757)	(1.372)	(1.247)	(17,444)	(3.459)	(0.732)	(1.117)	(1.080)	(3.795)	(3.496)	(0.676)	(0.907)	(0.871)	(3.781)	(3.489)	(0.781)	(0.875)	(0.833)	(3.995)	(3.507)	(0.733)	(0.864)	(0.835)
yearc41	-0.754	-8.189*	-1.493**	-1.737	-2.059	1.529	-3.038	-3.713*	-6.210	-5.771	3.502	-8.458*	-3.912***	-7.344*	-6.838*	-0.0961	-8.601*	-2.704**	-5.670	-5.796	3.659	-8.511*	-2.123**	-3.915	-3.678	3.229	-8.544*	-2.266**	-5.553	-5.266	-0.277	-8.787*	-2.406**	-5.248	-5.411
	(15,348)	(4.684)	(0.740)	(3.518)	(3.433)	(3.828)	(38,552)	(2.035)	(4.260)	(4.056)	(3.790)	(4.731)	(1.193)	(3.958)	(3.704)	(17,444)	(4.832)	(1.110)	(3.735)	(3.606)	(3.851)	(4.885)	(1.027)	(3.614)	(3.495)	(3.844)	(4.884)	(1.144)	(3.702)	(3.534)	(4.063)	(4.901)	(1.104)	(3.580)	(3.463)
yearc43	-0.823	-5.923*	-1.571***	0.267	0.420	0.629	-2.519	-5.492**	-5.007**	-3.924*	3.339	-5.987*	-4.610***	-4.344**	-3.393*	-0.229	-6.256*	-3.488***	-3.136*	-2.789	3.253	-6.470*	-2.687***	-1.861	-1.316	2.918	-5.743	-2.792***	-2.838	-2.160	-0.0516	-5.534	-2.404***	-2.094	-1.956
	(15,348)	(3.534)	(0.501)	(1.435)	(1.399)	(3.751)	(38,552)	(2.273)	(2.532)	(2.384)	(3.742)	(3.569)	(1.021)	(2.010)	(1.850)	(17,444)	(3.644)	(0.940)	(1.785)	(1.732)	(3.797)	(3.683)	(0.753)	(1.584)	(1.524)	(3.784)	(3.719)	(0.817)	(1.788)	(1.706)	(3.990)	(3.730)	(0.756)	(1.642)	(1.584)
yearc44	0.241	-1.440	-0.507	6.378***	6.397***	2.472	4.073	-3.500	-0.265	0.583	4.588	-1.614	-3.193***	-1.918	-0.617	0.656	-1.913	-2.369***	0.137	0.381	4.357	-2.167	-1.552**	2.389	3.055*	4.301	-2.203	-1.224	-0.277	0.512	1.309	-2.111	-0.990	0.905	0.740
	(15,348)	(3.483)	(0.450)	(1.522)	(1.487)	(3.741)	(38,552)	(2.168)	(4.004)	(3.779)	(3.735)	(3.518)	(0.947)	(2.786)	(2.543)	(17,444)	(3.592)	(0.853)	(2.347)	(2.315)	(3.789)	(3.630)	(0.701)	(1.890)	(1.813)	(3.775)	(3.627)	(0.747)	(1.910)	(1.833)	(3.980)	(3.638)	(0.688)	(1.602)	(1.546)
yearc45	-0.0643	-5.119	-0.810*	1.120	1.557*	1.740	0.243	-4.184**	-2.586	-1.270	3.963	-5.471	-3.518***	-3.810**	-2.523*	0.221	-5.381	-2.512***	-2.297	-1.717	4.008	-5.640	-1.735***	-1.038	-0.244	3.746	-5.647	-1.634**	-2.505**	-1.672	0.648	-5.444	-1.534**	-1.832*	-1.525
	(15,348)	(3.375)	(0.422)	(0.945)	(0.916)	(3.735)	(38,552)	(2.133)	(2.358)	(2.196)	(3.731)	(3.410)	(0.873)	(1.670)	(1.512)	(17,444)	(3.485)	(0.784)	(1.448)	(1.407)	(3.785)	(3.530)	(0.657)	(1.243)	(1.186)	(3.771)	(3.530)	(0.717)	(1.248)	(1.187)	(3.975)	(3.540)	(0.655)	(1.075)	(1.036)
yearc46	0.0631	-4.107	-0.681*	2.293***	2.737***	1.991	0.713	-3.837*	-2.241	-0.980	4.396	-4.433	-3.272***	-2.999*	-1.789	0.383	-4.689	-2.530***	-1.701	-1.122	4.058	-4.597	-1.741***	-0.000783	0.812	3.866	-4.680	-1.636**	-1.709	-0.810	0.615	-4.610	-1.650***	-1.153	-0.785
	(15,348)	(3.334)	(0.401)	(0.800)	(0.787)	(3.735)	(38,552)	(2.072)	(2.423)	(2.262)	(3.730)	(3.370)	(0.895)	(1.688)	(1.528)	(17,444)	(3.442)	(0.803)	(1.403)	(1.370)	(3.784)	(3.479)	(0.651)	(1.156)	(1.100)	(3.770)	(3.476)	(0.707)	(1.140)	(1.087)	(3.974)	(3.488)	(0.640)	(0.964)	(0.927)
yearc47	-0.0898	-4.621	-0.831**	1.590**	1.755**	1.920	0.635	-3.572*	-2.201	-1.383	4.134	-5.009	-3.152***	-3.388**	-2.408*	0.214	-5.156	-2.482***	-2.011	-1.676	3.843	-5.160	-1.916***	-0.552	-0.0285	3.591	-5.173	-1.937***	-1.904*	-1.289	0.417	-4.922	-1.823***	-1.336	-1.144
	(15,348)	(3.326)	(0.384)	(0.720)	(0.700)	(3.735)	(38,552)	(1.881)	(2.284)	(2.155)	(3.728)	(3.360)	(0.815)	(1.569)	(1.426)	(17,444)	(3.431)	(0.757)	(1.258)	(1.234)	(3.783)	(3.468)	(0.638)	(0.998)	(0.954)	(3.769)	(3.467)	(0.700)	(0.991)	(0.948)	(3.973)	(3.480)	(0.628)	(0.859)	(0.827)
yearc48	-0.0101	-3.860	-0.752**	2.235***	2.468***	2.188	1.446	-3.436*	-1.266	-0.362	4.200	-4.072	-3.034***	-2.223	-1.248	0.444	-4.071	-2.236***	-0.807	-0.404	4.127	-4.073	-1.582**	0.539	1.144	3.836	-4.155	-1.537**	-0.918	-0.220	0.643	-4.058	-1.517**	-0.443	-0.195
	(15,348)	(3.313)	(0.379)	(0.629)	(0.609)	(3.735)	(38,552)	(1.951)	(2.134)	(2.000)	(3.728)	(3.347)	(0.802)	(1.423)	(1.293)	(17,444)	(3.417)	(0.750)	(1.133)	(1.111)	(3.782)	(3.455)	(0.626)	(0.908)	(0.866)	(3.768)	(3.453)	(0.686)	(0.950)	(0.908)	(3.972)	(3.463)	(0.616)	(0.772)	(0.743)
yearc49	0.183	-4.209	-0.557	1.719***	1.904***	2.521	1.241	-2.751	-1.377	-0.434	4.426	-4.424	-2.549***	-2.388*	-1.456	0.511	-4.711	-1.994***	-1.397	-0.993	4.251	-4.749	-1.390**	-0.133	0.426	4.094	-4.769	-1.224*	-1.286	-0.725	0.990	-4.580	-1.191*	-0.903	-0.697
	(15,348)	(3.311)	(0.370)	(0.581)	(0.563)	(3.734)	(38,552)	(1.757)	(2.033)	(1.899)	(3.728)	(3.345)	(0.754)	(1.324)	(1.200)	(17,444)	(3.415)	(0.719)	(1.090)	(1.067)	(3.782)	(3.451)	(0.614)	(0.856)	(0.819)	(3.768)	(3.449)	(0.680)	(0.841)	(0.806)	(3.972)	(3.459)	(0.613)	(0.724)	(0.702)
yearc50	-0.0189	-4.226	-0.756**	1.667***	1.804***	1.763	0.865	-3.383**	-1.589	-0.830	4.081	-4.594	-2.752***	-2.374*	-1.627	0.271	-4.667	-2.138***	-1.257	-0.995	4.037	-4.696	-1.514**	-0.0754	0.318	3.850	-4.595	-1.412**	-1.036	-0.605	0.669	-4.317	-1.448**	-0.598	-0.498
	(15,348)	(3.307)	(0.361)	(0.551)	(0.537)	(3.734)	(38,552)	(1.687)	(1.861)	(1.749)	(3.727)	(3.341)	(0.727)	(1.220)	(1.112)	(17,444)	(3.410)	(0.700)	(1.008)	(0.992)	(3.782)	(3.447)	(0.599)	(0.790)	(0.758)	(3.768)	(3.445)	(0.673)	(0.795)	(0.762)	(3.971)	(3.455)	(0.603)	(0.681)	(0.655)
yearc51	0.159	-4.219	-0.576	1.540***	1.670***	2.156	1.165	-2.720*	-1.116	-0.425	4.269	-4.411	-2.437***	-1.996*	-1.274	0.485	-4.552	-1.785***	-1.093	-0.828	4.251	-4.723	-1.190**	-0.100	0.309	3.954	-4.697	-1.140*	-1.086	-0.650	0.861	-4.580	-1.135*	-0.837	-0.729
	(15,348)	(3.307)	(0.354)	(0.519)	(0.507)	(3.733)	(38,552)	(1.542)	(1.687)	(1.591)	(3.727)	(3.340)	(0.705)	(1.122)	(1.025)	(17,444)	(3.410)	(0.679)	(0.972)	(0.955)	(3.782)	(3.447)	(0.585)	(0.774)	(0.741)	(3.767)	(3.444)	(0.664)	(0.773)	(0.741)	(3.971)	(3.454)	(0.594)	(0.664)	(0.643)
yearc52	0.160	-4.158	-0.574	1.478***	1.527***	2.106	1.087	-2.874*	-1.134	-0.515	4.215	-4.504	-2.431***	-1.946*	-1.361	0.430	-4.597	-1.710***	-0.990	-0.798	4.164	-4.717	-1.234**	-0.0865	0.197	3.977	-4.650	-1.084	-0.855	-0.523	0.931	-4.426	-1.046*	-0.597	-0.510
	(15,348)	(3.305)	(0.350)	(0.484)	(0.471)	(3.733)	(38,552)	(1.595)	(1.623)	(1.517)	(3.727)	(3.338)	(0.694)	(1.047)	(0.950)	(17,444)	(3.408)	(0.659)	(0.863)	(0.842)	(3.781)	(3.444)	(0.579)	(0.694)	(0.664)	(3.767)	(3.442)	(0.661)	(0.702)	(0.672)	(3.971)	(3.451)	(0.590)	(0.613)	(0.593)
yearc53	0.260	-4.216	-0.471	1.268***	1.333***	2.308	1.161	-2.411*	-0.927	-0.339	4.316	-4.531	-2.101***	-1.769*	-1.224	0.502	-4.668	-1.512**	-0.965	-0.771	4.253	-4.716	-1.069*	-0.0801	0.186	4.051	-4.686	-0.871	-0.772	-0.476	0.965	-4.569	-0.983*	-0.713	-0.634
	(15,348)	(3.304)	(0.343)	(0.451)	(0.440)	(3.733)	(38,552)	(1.458)	(1.490)	(1.405)	(3.727)	(3.338)	(0.661)	(0.948)	(0.865)	(17,444)	(3.407)	(0.643)	(0.797)	(0.778)	(3.781)	(3.444)	(0.572)	(0.645)	(0.619)	(3.767)	(3.441)	(0.656)	(0.663)	(0.633)	(3.971)	(3.451)	(0.588)	(0.598)	(0.578)
yearc54	0.0821	-4.308	-0.648*	1.095**	1.177***	2.185	0.963	-2.343*	-1.048	-0.466	4.169	-4.636	-2.181***	-1.763**	-1.200	0.387	-4.701	-1.582**	-0.935	-0.712	4.100	-4.813	-1.184**	-0.175	0.0933	3.829	-4.883	-1.089*	-0.898	-0.575	0.677	-4.754	-1.194**	-0.852	-0.720
	(15,348)	(3.304)	(0.339)	(0.433)	(0.420)	(3.733)	(38,552)	(1.360)	(1.414)	(1.323)	(3.727)	(3.337)	(0.651)	(0.894)	(0.808)	(17,444)	(3.407)	(0.637)	(0.754)	(0.729)	(3.781)	(3.444)	(0.567)	(0.620)	(0.593)	(3.767)	(3.441)	(0.655)	(0.640)	(0.609)	(3.971)	(3.450)	(0.582)	(0.576)	(0.555)
yearc55	0.182	-4.332	-0.548	0.963**	1.059***	2.249	0.919	-2.303*	-0.990	-0.461	4.264	-4.686	-2.053***	-1.681**	-1.163	0.467	-4.794	-1.459**	-0.959	-0.745	4.185	-4.817	-1.075*	-0.175	0.0823	3.963	-4.836	-0.901	-0.762	-0.478	0.770	-4.711	-1.118*	-0.774	-0.666
	(15,348)	(3.304)	(0.339)	(0.411)	(0.399)	(3.733)	(38,552)	(1.371)	(1.315)	(1.234)	(3.727)	(3.337)	(0.646)	(0.832)	(0.757)	(17,444)	(3.407)	(0.631)	(0.709)	(0.688)	(3.781)	(3.444)	(0.565)	(0.589)	(0.566)	(3.767)	(3.441)	(0.653)	(0.615)	(0.587)	(3.971)	(3.450)	(0.582)	(0.560)	(0.541)
yearc56	0.135	-4.269	-0.593*	0.911**	0.944**	2.164	0.959	-2.242*	-0.861	-0.360	4.225	-4.571	-1.892***	-1.373*	-0.972	0.407	-4.729	-1.374**	-0.786	-0.642	4.094	-4.864	-1.104**	-0.218	-0.0599	3.842	-4.841	-0.976	-0.666	-0.477	0.719	-4.664	-1.125*	-0.700	-0.640
	(15,348)	(3.304)	(0.335)	(0.390)	(0.380)	(3.733)	(38,552)	(1.298)	(1.231)	(1.158)	(3.727)	(3.337)	(0.622)	(0.747)	(0.682)	(17,444)	(3.407)	(0.617)	(0.646)	(0.624)	(3.781)	(3.444)	(0.560)	(0.558)	(0.536)	(3.767)	(3.441)	(0.651)	(0.592)	(0.564)	(3.971)	(3.450)	(0.579)	(0.550)	(0.530)
yearc57	0.292	-4.204	-0.435	0.947**	0.993***	2.431	1.189	-1.867	-0.597	-0.142	4.358	-4.548	-1.730***	-1.353*	-0.937	0.499	-4.689	-1.247**	-0.746	-0.604	4.177	-4.828	-0.979*	-0.182	-0.0153	3.949	-4.836	-0.770	-0.630	-0.426	0.749	-4.746	-1.059*	-0.758	-0.648
	(15,348)	(3.304)	(0.333)	(0.385)	(0.375)	(3.733)	(38,552)	(1.246)	(1.197)	(1.123)	(3.727)	(3.337)	(0.618)	(0.747)	(0.682)	(17,444)	(3.407)	(0.613)	(0.645)	(0.624)	(3.781)	(3.443)	(0.557)	(0.552)	(0.532)	(3.767)	(3.440)	(0.650)	(0.585)	(0.558)	(3.971)	(3.450)	(0.578)	(0.541)	(0.523)
yearc58	0.259	-4.219	-0.465	0.830**	0.868**	2.283	0.932	-1.846	-0.759	-0.310	4.286	-4.682	-1.638***	-1.344*	-0.976	0.473	-4.674	-1.154*	-0.663	-0.521	4.235	-4.691	-0.870	-0.0411	0.101	3.957	-4.690	-0.718	-0.429	-0.271	0.805	-4.590	-0.945	-0.565	-0.489
	(15,348)	(3.304)	(0.330)	(0.369)	(0.360)	(3.733)	(38,552)	(1.166)	(1.111)	(1.043)	(3.727)	(3.337)	(0.603)	(0.688)	(0.630)	(17,444)	(3.407)	(0.604)	(0.610)	(0.588)	(3.781)	(3.443)	(0.554)	(0.538)	(0.517)	(3.767)	(3.440)	(0.650)	(0.576)	(0.549)	(3.971)	(3.450)	(0.577)	(0.533)	(0.515)
yearc59	0.221	-4.288	-0.502	0.686*	0.704**	2.350	1.051	-1.772	-0.597	-0.167	4.337	-4.592	-1.530**	-1.155*	-0.826	0.390	-4.791	-1.195**	-0.725	-0.606	4.069	-4.901	-1.004*	-0.250	-0.131	3.832	-4.906	-0.813	-0.598	-0.451	0.629	-4.771	-1.108*	-0.729	-0.674
	(15,348)	(3.304)	(0.329)	(0.358)	(0.349)	(3.733)	(38,552)	(1.163)	(1.072)	(1.009)	(3.727)	(3.337)	(0.597)	(0.649)	(0.594)	(17,444)	(3.407)	(0.601)	(0.581)	(0.560)	(3.781)	(3.443)	(0.552)	(0.524)	(0.504)	(3.767)	(3.440)	(0.649)	(0.568)	(0.542)	(3.971)	(3.450)	(0.576)	(0.528)	(0.510)
yearc60	0.187	-4.449	-0.536	0.471	0.514	2.201	0.814	-1.865	-0.770	-0.324	4.256	-4.777	-1.622***	-1.291**	-0.957*	0.415	-4.897	-1.152*	-0.802	-0.674	4.048	-4.990	-1.021*	-0.337	-0.231	3.786	-5.028	-0.852	-0.684	-0.552	0.670	-4.842	-1.065*	-0.791	-0.722
	(15,348)	(3.304)	(0.328)	(0.350)	(0.342)	(3.733)	(38,552)	(1.137)	(1.015)	(0.957)	(3.727)	(3.337)	(0.598)	(0.629)	(0.578)	(17,444)	(3.407)	(0.600)	(0.567)	(0.547)	(3.781)	(3.443)	(0.552)	(0.515)	(0.497)	(3.767)	(3.440)	(0.649)	(0.562)	(0.536)	(3.971)	(3.450)	(0.576)	(0.525)	(0.508)
yearc61	0.256	-4.408	-0.464	0.388	0.388	2.411	1.009	-1.524	-0.470	-0.143	4.364	-4.731	-1.351**	-1.087*	-0.821	0.435	-4.871	-1.026*	-0.699	-0.599	4.123	-4.995	-0.882	-0.338	-0.272	3.875	-4.990	-0.656	-0.531	-0.460	0.731	-4.848	-0.953*	-0.755	-0.710
	(15,348)	(3.304)	(0.327)	(0.336)	(0.328)	(3.733)	(38,552)	(1.079)	(0.925)	(0.874)	(3.727)	(3.337)	(0.585)	(0.574)	(0.531)	(17,444)	(3.407)	(0.593)	(0.535)	(0.516)	(3.781)	(3.443)	(0.549)	(0.497)	(0.480)	(3.767)	(3.440)	(0.649)	(0.551)	(0.525)	(3.971)	(3.450)	(0.574)	(0.516)	(0.499)
yearc62	0.203	-4.448	-0.516	0.265	0.279	2.297	0.905	-1.592	-0.515	-0.175	4.258	-4.767	-1.389**	-1.027*	-0.776	0.404	-4.883	-1.022*	-0.670	-0.567	4.101	-4.976	-0.877	-0.317	-0.248	3.874	-4.964	-0.619	-0.471	-0.392	0.673	-4.847	-0.989*	-0.735	-0.685
	(15,348)	(3.304)	(0.326)	(0.327)	(0.320)	(3.733)	(38,552)	(1.058)	(0.877)	(0.829)	(3.727)	(3.337)	(0.580)	(0.544)	(0.504)	(17,444)	(3.407)	(0.591)	(0.520)	(0.500)	(3.781)	(3.443)	(0.548)	(0.490)	(0.473)	(3.767)	(3.440)	(0.649)	(0.548)	(0.523)	(3.971)	(3.450)	(0.573)	(0.513)	(0.496)
yearc63	0.268	-4.461	-0.451	0.192	0.207	2.281	0.828	-1.542	-0.548	-0.208	4.319	-4.794	-1.271**	-0.992*	-0.761	0.460	-4.849	-0.918	-0.601	-0.500	4.118	-4.956	-0.830	-0.295	-0.254	3.829	-4.988	-0.617	-0.434	-0.399	0.648	-4.844	-0.946*	-0.697	-0.654
	(15,348)	(3.304)	(0.325)	(0.322)	(0.315)	(3.733)	(38,552)	(1.030)	(0.841)	(0.797)	(3.727)	(3.337)	(0.577)	(0.526)	(0.489)	(17,444)	(3.407)	(0.589)	(0.508)	(0.489)	(3.781)	(3.443)	(0.547)	(0.483)	(0.467)	(3.767)	(3.440)	(0.649)	(0.545)	(0.520)	(3.971)	(3.450)	(0.573)	(0.508)	(0.492)
yearc64	0.313	-4.488	-0.404	0.0756	0.0898	2.333	0.819	-1.376	-0.481	-0.167	4.315	-4.835	-1.151**	-0.919*	-0.730	0.458	-4.904	-0.784	-0.576	-0.474	4.172	-4.947	-0.717	-0.283	-0.238	3.911	-4.958	-0.495	-0.359	-0.308	0.716	-4.839	-0.870	-0.679	-0.609
	(15,348)	(3.304)	(0.325)	(0.316)	(0.310)	(3.733)	(38,552)	(0.984)	(0.785)	(0.745)	(3.727)	(3.337)	(0.572)	(0.499)	(0.465)	(17,444)	(3.407)	(0.585)	(0.488)	(0.470)	(3.781)	(3.443)	(0.546)	(0.476)	(0.460)	(3.767)	(3.440)	(0.649)	(0.544)	(0.519)	(3.971)	(3.450)	(0.573)	(0.507)	(0.490)
yearc65	0.318	-4.506	-0.398	0.00241	0.00608	2.438	0.874	-1.199	-0.356	-0.0863	4.366	-4.816	-1.081*	-0.833*	-0.674	0.501	-4.888	-0.747	-0.542	-0.448	4.237	-4.921	-0.628	-0.255	-0.232	3.927	-4.986	-0.408	-0.339	-0.298	0.725	-4.851	-0.825	-0.672	-0.600
	(15,348)	(3.304)	(0.325)	(0.313)	(0.307)	(3.733)	(38,552)	(0.957)	(0.737)	(0.703)	(3.727)	(3.337)	(0.571)	(0.487)	(0.455)	(17,444)	(3.407)	(0.585)	(0.485)	(0.467)	(3.781)	(3.443)	(0.546)	(0.474)	(0.458)	(3.767)	(3.440)	(0.650)	(0.544)	(0.519)	(3.971)	(3.450)	(0.573)	(0.505)	(0.489)
yearc66	0.357	-4.507	-0.358	-0.0357	-0.0281	2.428	0.683	-1.138	-0.512	-0.238	4.434	-4.862	-0.909	-0.811*	-0.660	0.573	-4.931	-0.585	-0.545	-0.465	4.307	-4.913	-0.516	-0.246	-0.231	4.014	-4.915	-0.298	-0.229	-0.206	0.749	-4.843	-0.783	-0.645	-0.561
	(15,348)	(3.304)	(0.325)	(0.313)	(0.307)	(3.733)	(38,552)	(0.932)	(0.716)	(0.681)	(3.727)	(3.337)	(0.569)	(0.477)	(0.447)	(17,444)	(3.407)	(0.585)	(0.480)	(0.463)	(3.781)	(3.444)	(0.546)	(0.473)	(0.458)	(3.767)	(3.441)	(0.652)	(0.547)	(0.522)	(3.971)	(3.450)	(0.574)	(0.506)	(0.490)
yearc67	0.417	-4.473	-0.297	-0.101	-0.0963	2.480	0.780	-0.969	-0.336	-0.0772	4.454	-4.815	-0.794	-0.665	-0.539	0.615	-4.866	-0.492	-0.437	-0.349	4.299	-4.902	-0.496	-0.233	-0.245	4.073	-4.862	-0.215	-0.148	-0.173	0.814	-4.783	-0.729	-0.586	-0.556
	(15,348)	(3.304)	(0.325)	(0.311)	(0.305)	(3.734)	(38,552)	(0.891)	(0.669)	(0.640)	(3.727)	(3.338)	(0.567)	(0.466)	(0.439)	(17,444)	(3.407)	(0.584)	(0.476)	(0.460)	(3.782)	(3.444)	(0.546)	(0.472)	(0.457)	(3.767)	(3.441)	(0.652)	(0.548)	(0.523)	(3.971)	(3.451)	(0.573)	(0.506)	(0.490)
yearc68	0.374	-4.490	-0.339	-0.153	-0.162	2.414	0.711	-1.009	-0.387	-0.170	4.430	-4.838	-0.770	-0.643	-0.556	0.589	-4.815	-0.458	-0.351	-0.313	4.289	-4.829	-0.481	-0.159	-0.189	3.985	-4.868	-0.299	-0.134	-0.136	0.742	-4.774	-0.820	-0.575	-0.507
	(15,348)	(3.304)	(0.325)	(0.309)	(0.304)	(3.734)	(38,552)	(0.882)	(0.659)	(0.631)	(3.727)	(3.338)	(0.566)	(0.462)	(0.435)	(17,444)	(3.407)	(0.583)	(0.473)	(0.458)	(3.782)	(3.444)	(0.545)	(0.471)	(0.455)	(3.767)	(3.441)	(0.651)	(0.548)	(0.523)	(3.971)	(3.451)	(0.572)	(0.504)	(0.488)
yearc69	0.261	-4.669	-0.452	-0.334	-0.337	2.222	0.490	-1.211	-0.631	-0.437	4.340	-5.031	-0.852	-0.854*	-0.773*	0.606	-4.930	-0.424	-0.478	-0.464	4.282	-4.923	-0.481	-0.253	-0.290	4.021	-4.918	-0.223	-0.181	-0.208	0.825	-4.783	-0.693	-0.570	-0.509
	(15,348)	(3.304)	(0.325)	(0.309)	(0.304)	(3.734)	(38,552)	(0.886)	(0.671)	(0.645)	(3.727)	(3.338)	(0.566)	(0.463)	(0.437)	(17,444)	(3.408)	(0.584)	(0.474)	(0.458)	(3.782)	(3.444)	(0.546)	(0.471)	(0.456)	(3.768)	(3.441)	(0.653)	(0.549)	(0.524)	(3.972)	(3.451)	(0.573)	(0.505)	(0.489)
yearc70	0.0918	-4.775	-0.620*	-0.502	-0.505*	2.169	0.548	-1.181	-0.523	-0.340	4.235	-5.010	-0.917	-0.787*	-0.686	0.490	-4.962	-0.435	-0.464	-0.446	4.203	-4.884	-0.483	-0.212	-0.300	4.030	-4.821	-0.0917	-0.00870	-0.0691	0.857	-4.656	-0.593	-0.412	-0.367
	(15,348)	(3.305)	(0.328)	(0.312)	(0.306)	(3.736)	(38,552)	(0.866)	(0.650)	(0.626)	(3.729)	(3.339)	(0.572)	(0.465)	(0.440)	(17,444)	(3.409)	(0.590)	(0.478)	(0.464)	(3.783)	(3.446)	(0.552)	(0.477)	(0.461)	(3.769)	(3.443)	(0.661)	(0.560)	(0.535)	(3.973)	(3.453)	(0.580)	(0.512)	(0.495)
country1	2.871***	-2.849	-1.026***	-2.771***	-3.186***	3.137***	1.081**	1.917	-0.782	-1.484**	2.924***	-0.594	1.733**	-0.785	-1.633***	3.261***	1.057**	1.373**	-1.128**	-1.722***	-0.977***	1.349***	1.141**	-1.385***	-1.927***		2.027***	1.553***	-0.438	-1.128***	3.425	1.905**	1.560**	0.0684	-0.572
	(0.178)	(10,639)	(0.317)	(0.286)	(0.267)	(0.327)	(0.529)	(1.663)	(0.798)	(0.711)	(0.258)	(0.477)	(0.743)	(0.605)	(0.518)	(0.255)	(0.423)	(0.604)	(0.442)	(0.418)	(0.323)	(0.441)	(0.444)	(0.359)	(0.337)		(0.544)	(0.524)	(0.455)	(0.435)	(13,482)	(0.785)	(0.679)	(0.656)	(0.639)
country2	0.427**	-2.543	-3.510***	-1.953***	-2.239***	0.982***	1.328**	-1.949***	-0.781	-1.284**	0.541**	-0.346	-2.398***	-0.898**	-1.483***	0.227	0.954**	-3.029***	-1.404***	-1.771***	-4.758***	0.897**	-3.500***	-1.847***	-2.166***	-4.331***	0.777*	-3.522***	-1.850***	-2.113***	-1.730	-0.336	-3.710***	-2.107***	-2.344***
	(0.173)	(10,639)	(0.107)	(0.175)	(0.166)	(0.322)	(0.530)	(0.655)	(0.555)	(0.507)	(0.251)	(0.478)	(0.311)	(0.422)	(0.370)	(0.228)	(0.412)	(0.237)	(0.306)	(0.295)	(0.250)	(0.399)	(0.168)	(0.212)	(0.202)	(0.397)	(0.400)	(0.173)	(0.204)	(0.194)	(13,482)	(0.481)	(0.170)	(0.208)	(0.201)
country3	-1.232***	-4.419	-5.188***	-3.329***	-3.092***	-0.909**	-0.958*	-6.095***	-3.698***	-3.459***	-1.196***	-2.317***	-6.233***	-3.809***	-3.547***	-1.300***	-0.900**	-6.090***	-3.707***	-3.446***	-6.268***	-0.905**	-5.858***	-3.667***	-3.302***	-5.775***	-0.801*	-5.959***	-3.790***	-3.367***	-3.332	-1.777***	-5.799***	-3.664***	-3.317***
	(0.197)	(10,639)	(0.157)	(0.169)	(0.167)	(0.364)	(0.554)	(0.791)	(0.321)	(0.312)	(0.284)	(0.497)	(0.363)	(0.259)	(0.247)	(0.257)	(0.430)	(0.314)	(0.228)	(0.223)	(0.274)	(0.415)	(0.236)	(0.215)	(0.209)	(0.413)	(0.415)	(0.228)	(0.227)	(0.217)	(13,482)	(0.494)	(0.210)	(0.231)	(0.226)
country4	4.477***	-0.0838	0.539***	1.002***	0.818***	4.796***	3.519***	1.187***	0.882***	0.673***	4.562***	2.073***	0.856***	0.729***	0.500***	4.473***	3.555***	0.510***	0.765***	0.557***	-0.415	3.634***	0.319**	0.871***	0.703***	-0.0421	3.690***	-0.147	0.576**	0.423*	2.445	2.787***	-0.157	0.803***	0.429*
	(0.176)	(10,639)	(0.111)	(0.131)	(0.130)	(0.326)	(0.529)	(0.307)	(0.224)	(0.220)	(0.254)	(0.477)	(0.183)	(0.181)	(0.173)	(0.232)	(0.412)	(0.153)	(0.183)	(0.180)	(0.255)	(0.399)	(0.154)	(0.189)	(0.185)	(0.401)	(0.400)	(0.191)	(0.230)	(0.222)	(13,482)	(0.478)	(0.197)	(0.224)	(0.219)
country5	-1.532***	-4.873	-5.491***	-3.673***	-3.077***	-1.362***	-1.227**	-6.632***	-4.001***	-3.320***	-1.553***	-2.721***	-6.660***	-4.234***	-3.561***	-1.627***	-1.288***	-6.482***	-4.117***	-3.468***	-6.485***	-1.255***	-6.105***	-4.018***	-3.323***	-6.018***	-1.247***	-6.231***	-4.235***	-3.479***	-3.491	-2.338***	-5.955***	-4.224***	-3.575***
	(0.180)	(10,639)	(0.145)	(0.143)	(0.140)	(0.336)	(0.533)	(0.821)	(0.301)	(0.289)	(0.260)	(0.480)	(0.352)	(0.227)	(0.210)	(0.236)	(0.413)	(0.307)	(0.203)	(0.195)	(0.256)	(0.398)	(0.218)	(0.184)	(0.175)	(0.400)	(0.398)	(0.202)	(0.190)	(0.179)	(13,482)	(0.477)	(0.178)	(0.192)	(0.187)
country6	-0.552***	-3.943	-4.496***	-3.210***	-3.460***	-0.465	-0.0609	-5.188***	-2.597***	-2.817***	-0.503*	-1.522***	-5.170***	-2.728***	-2.966***	-0.485**	-0.141	-5.004***	-2.840***	-3.047***	-5.320***	-0.196	-4.765***	-2.954***	-3.121***	-4.785***	-0.276	-4.960***	-3.265***	-3.363***	-2.178	-1.263***	-4.728***	-3.186***	-3.461***
	(0.182)	(10,639)	(0.113)	(0.166)	(0.163)	(0.334)	(0.539)	(0.515)	(0.250)	(0.241)	(0.260)	(0.484)	(0.260)	(0.196)	(0.185)	(0.237)	(0.419)	(0.233)	(0.176)	(0.170)	(0.259)	(0.405)	(0.187)	(0.179)	(0.174)	(0.404)	(0.407)	(0.206)	(0.210)	(0.202)	(13,482)	(0.487)	(0.198)	(0.223)	(0.217)
country7	2.248***	-2.510	-1.709***	-0.874***	-0.817***	2.511***	1.046*	-2.439***	-2.053***	-1.924***	2.352***	-0.386	-2.536***	-2.364***	-2.157***	2.374***	1.078**	-2.360***	-1.970***	-1.923***	-2.394***	1.265***	-1.960***	-1.508***	-1.379***	-1.926***	1.323***	-2.095***	-1.879***	-1.735***	0.597	0.327	-1.902***	-1.660***	-1.725***
	(0.185)	(10,639)	(0.144)	(0.243)	(0.244)	(0.345)	(0.570)	(0.647)	(0.621)	(0.602)	(0.267)	(0.506)	(0.314)	(0.460)	(0.430)	(0.242)	(0.438)	(0.286)	(0.374)	(0.372)	(0.262)	(0.423)	(0.215)	(0.301)	(0.291)	(0.404)	(0.423)	(0.207)	(0.297)	(0.285)	(13,482)	(0.502)	(0.192)	(0.269)	(0.261)
country8	-0.858***	-3.866	-4.825***	-2.019***	-1.767***	-0.487	-0.216	-6.320***	-3.483***	-3.060***	-0.735***	-1.740***	-6.444***	-4.017***	-3.553***	-0.771***	-0.304	-6.103***	-3.536***	-3.255***	-5.521***	-0.251	-5.463***	-3.033***	-2.606***	-5.012***	-0.166	-5.690***	-3.625***	-3.164***	-2.314	-1.095**	-5.084***	-3.180***	-3.003***
	(0.188)	(10,639)	(0.191)	(0.278)	(0.276)	(0.350)	(0.549)	(1.155)	(0.766)	(0.735)	(0.271)	(0.492)	(0.502)	(0.591)	(0.547)	(0.246)	(0.424)	(0.435)	(0.493)	(0.492)	(0.265)	(0.409)	(0.307)	(0.381)	(0.363)	(0.406)	(0.409)	(0.284)	(0.385)	(0.369)	(13,482)	(0.487)	(0.231)	(0.288)	(0.279)
country9	2.683***	-1.909	-1.232***	-1.509***	-1.565***	3.149***	1.979***	1.215	-0.110	-0.331	2.716***	0.287	0.647	-0.305	-0.583	2.329***	1.445***	-0.340	-0.976***	-1.005***	-2.734***	1.291***	-1.218***	-1.457***	-1.471***	-2.541***	1.096***	-1.642***	-1.705***	-1.641***	-0.0804	0.0928	-2.194***	-1.786***	-1.761***
	(0.172)	(10,639)	(0.210)	(0.209)	(0.202)	(0.319)	(0.526)	(1.236)	(0.569)	(0.528)	(0.249)	(0.475)	(0.518)	(0.398)	(0.360)	(0.228)	(0.411)	(0.381)	(0.259)	(0.263)	(0.251)	(0.398)	(0.226)	(0.181)	(0.177)	(0.399)	(0.401)	(0.189)	(0.176)	(0.169)	(13,482)	(0.482)	(0.170)	(0.202)	(0.197)
country10		-3.849	-3.962***	-2.260***	-1.632***			-5.439***	-3.118***	-2.311***		-1.451**	-5.312***	-3.488***	-2.643***			-5.185***	-3.138***	-2.442***	-4.856***		-4.779***	-2.778***	-1.966***	-4.250***		-4.999***	-3.462***	-2.547***	-1.756	-0.992	-4.583***	-3.058***	-2.401***
		(10,639)	(0.222)	(0.416)	(0.407)			(0.982)	(0.797)	(0.759)		(0.643)	(0.481)	(0.644)	(0.596)			(0.455)	(0.575)	(0.559)	(0.323)		(0.360)	(0.502)	(0.480)	(0.447)		(0.362)	(0.542)	(0.513)	(13,482)	(0.611)	(0.313)	(0.464)	(0.447)
country11	2.117***	-2.981	-1.827***	-1.712***	-1.915***	2.208***	0.331	-1.463***	-2.358***	-2.639***	2.148***	-0.944*	-1.691***	-2.417***	-2.759***	2.126***	0.524	-1.881***	-2.321***	-2.676***	-2.731***	0.528	-1.822***	-2.235***	-2.463***	-2.235***	0.677	-1.665***	-2.242***	-2.494***	0.125	-0.348	-1.906***	-2.190***	-2.504***
	(0.214)	(10,639)	(0.159)	(0.184)	(0.188)	(0.394)	(0.564)	(0.388)	(0.312)	(0.318)	(0.307)	(0.502)	(0.269)	(0.263)	(0.262)	(0.283)	(0.437)	(0.240)	(0.255)	(0.265)	(0.301)	(0.425)	(0.223)	(0.232)	(0.232)	(0.433)	(0.428)	(0.251)	(0.238)	(0.231)	(13,482)	(0.512)	(0.273)	(0.264)	(0.257)
country12	0.407**	-3.021	-3.548***	-1.953***	-1.744***	0.460	0.338	-4.203***	-2.259***	-2.787***	0.544*	-0.754	-4.093***	-2.101***	-2.528***	0.506**	0.766*	-4.133***	-2.028***	-2.262***	-4.417***	0.633	-3.955***	-2.129***	-1.984***	-4.059***	0.619	-4.256***	-2.375***	-2.342***	-1.413	-0.481	-3.940***	-2.392***	-2.380***
	(0.197)	(10,639)	(0.152)	(0.182)	(0.269)	(0.370)	(0.573)	(0.519)	(0.315)	(0.477)	(0.284)	(0.504)	(0.289)	(0.249)	(0.366)	(0.257)	(0.437)	(0.282)	(0.237)	(0.363)	(0.274)	(0.422)	(0.226)	(0.229)	(0.312)	(0.413)	(0.423)	(0.229)	(0.241)	(0.325)	(13,482)	(0.500)	(0.214)	(0.249)	(0.301)
country13	2.867***	-2.218	-1.055***	-1.394***	-1.520***	3.433***	1.241	1.313	-0.778	-1.055	3.046***		0.965*	-0.546	-0.969	2.604***	1.321**	-0.0522	-1.079**	-1.269***	-2.532***	1.254**	-0.972***	-1.493***	-1.628***	-2.673***	1.169**	-1.697***	-1.491***	-1.606***	-0.161		-2.182***	-1.814***	-1.941***
	(0.177)	(10,639)	(0.178)	(0.383)	(0.377)	(0.329)	(0.776)	(1.130)	(0.867)	(0.835)	(0.257)		(0.520)	(0.648)	(0.606)	(0.237)	(0.581)	(0.392)	(0.499)	(0.488)	(0.261)	(0.581)	(0.249)	(0.462)	(0.450)	(0.407)	(0.583)	(0.219)	(0.477)	(0.458)	(13,482)		(0.202)	(0.500)	(0.488)
country14	3.991***	-0.471	0.0516	0.337**	0.549***	4.574***	3.484***	0.857***	1.005***	1.133***	4.192***	1.895***	0.687***	0.865***	0.964***	3.983***	3.258***	0.352**	0.687***	0.890***	-0.953***	3.321***	0.103	0.570***	0.760***	-0.602	3.331***	-0.162	0.564***	0.839***	1.858	2.267***	-0.389***	0.451**	0.703***
	(0.170)	(10,639)	(0.0992)	(0.132)	(0.129)	(0.317)	(0.523)	(0.250)	(0.233)	(0.218)	(0.246)	(0.473)	(0.194)	(0.203)	(0.186)	(0.224)	(0.407)	(0.159)	(0.168)	(0.166)	(0.246)	(0.393)	(0.132)	(0.152)	(0.149)	(0.395)	(0.393)	(0.140)	(0.158)	(0.153)	(13,482)	(0.471)	(0.148)	(0.176)	(0.172)
country15	2.157***	-2.555	-1.781***	-1.533***	-1.648***	2.398***	1.024*	-1.318***	-1.602***	-1.810***	2.189***	-0.358	-1.514***	-1.701***	-1.938***	2.039***	1.070**	-1.753***	-1.666***	-1.837***	-2.866***	1.093***	-1.886***	-1.665***	-1.719***	-2.511***	1.141***	-2.021***	-1.721***	-1.684***	-0.170	-0.0398	-2.327***	-1.889***	-1.928***
	(0.188)	(10,639)	(0.130)	(0.160)	(0.158)	(0.345)	(0.547)	(0.299)	(0.263)	(0.260)	(0.269)	(0.490)	(0.211)	(0.215)	(0.209)	(0.246)	(0.425)	(0.182)	(0.195)	(0.192)	(0.267)	(0.413)	(0.169)	(0.192)	(0.189)	(0.411)	(0.415)	(0.190)	(0.209)	(0.201)	(13,482)	(0.498)	(0.206)	(0.237)	(0.231)
country16	-1.099***	-4.558	-5.054***	-3.312***	-2.938***	-1.247***	-0.977*	-5.994***	-3.777***	-3.295***	-1.266***	-2.386***	-5.950***	-3.959***	-3.551***	-1.178***	-0.954**	-5.701***	-3.811***	-3.415***	-5.970***	-0.994**	-5.350***	-3.757***	-3.265***	-5.477***	-1.033**	-5.369***	-4.027***	-3.481***	-2.849	-2.065***	-5.135***	-3.946***	-3.523***
	(0.188)	(10,639)	(0.140)	(0.176)	(0.173)	(0.348)	(0.552)	(0.540)	(0.352)	(0.343)	(0.270)	(0.494)	(0.277)	(0.276)	(0.260)	(0.245)	(0.426)	(0.244)	(0.243)	(0.236)	(0.265)	(0.413)	(0.186)	(0.215)	(0.206)	(0.407)	(0.413)	(0.189)	(0.223)	(0.212)	(13,482)	(0.494)	(0.188)	(0.228)	(0.223)
country17	0.375**	-3.053	-3.574***	-2.167***	-2.097***	1.000***	1.027*	-3.836***	-1.605***	-1.578***	0.691**	-0.531	-4.118***	-1.908***	-1.872***	0.506**	0.759*	-4.295***	-2.051***	-1.971***	-4.406***	0.679*	-4.167***	-2.086***	-1.892***	-4.133***	0.573	-4.721***	-2.540***	-2.290***	-1.727	-0.579	-4.515***	-2.547***	-2.414***
	(0.188)	(10,639)	(0.126)	(0.148)	(0.144)	(0.349)	(0.540)	(0.588)	(0.251)	(0.242)	(0.271)	(0.485)	(0.302)	(0.206)	(0.197)	(0.246)	(0.419)	(0.305)	(0.207)	(0.204)	(0.266)	(0.405)	(0.264)	(0.216)	(0.210)	(0.408)	(0.404)	(0.273)	(0.239)	(0.230)	(13,482)	(0.483)	(0.240)	(0.228)	(0.221)
country18	2.255***	-2.150	-1.693***	-0.943***	-0.870***	2.780***	1.773***	-1.218***	-0.917***	-0.832***	2.294***	0.0194	-1.654***	-1.366***	-1.279***	1.776***	1.079***	-2.519***	-1.763***	-1.592***	-3.590***	0.633	-3.064***	-2.134***	-1.877***	-3.455***	0.361	-3.800***	-2.845***	-2.530***	-1.017	-0.744	-3.749***	-2.767***	-2.679***
	(0.181)	(10,639)	(0.113)	(0.142)	(0.138)	(0.337)	(0.533)	(0.245)	(0.252)	(0.238)	(0.262)	(0.480)	(0.186)	(0.194)	(0.179)	(0.239)	(0.415)	(0.196)	(0.213)	(0.200)	(0.261)	(0.401)	(0.195)	(0.219)	(0.207)	(0.404)	(0.402)	(0.231)	(0.267)	(0.254)	(13,482)	(0.481)	(0.225)	(0.246)	(0.238)
country19	2.042***	-1.175	-1.876***	-1.289***	-1.826***	2.413***	2.680***	0.183	1.028	0.122	1.958***	1.048**	-0.275	1.176	0.103	1.613***	2.332***	-1.105***	0.329	-0.354	-3.419***	2.224***	-1.877***	-0.503	-1.168***	-3.093***	2.091***	-2.056***	-0.179	-0.763**	-0.751	0.868*	-2.695***	-0.782***	-1.206***
	(0.170)	(10,639)	(0.187)	(0.330)	(0.311)	(0.317)	(0.522)	(1.060)	(1.013)	(0.921)	(0.247)	(0.471)	(0.476)	(0.769)	(0.669)	(0.225)	(0.407)	(0.365)	(0.570)	(0.550)	(0.247)	(0.393)	(0.228)	(0.379)	(0.352)	(0.396)	(0.393)	(0.199)	(0.329)	(0.310)	(13,482)	(0.472)	(0.171)	(0.238)	(0.227)
country21	3.940***	-2.321	0.0378	-2.351***	-2.799***	3.887***	1.264**	2.394	-0.412	-1.139	4.093***	0.0517	1.851***	-0.252	-1.145**	4.441***	1.835***	1.628***	-0.433	-1.102***		2.213***	1.542***	-0.524	-1.207***	0.799	2.585***	1.858***	0.156	-0.590*	3.722	1.720***	1.726***	-0.00377	-0.688*
	(0.214)	(10,639)	(0.310)	(0.333)	(0.312)	(0.380)	(0.557)	(1.519)	(1.007)	(0.908)	(0.321)	(0.506)	(0.533)	(0.577)	(0.494)	(0.312)	(0.454)	(0.421)	(0.417)	(0.391)		(0.452)	(0.342)	(0.351)	(0.330)	(0.488)	(0.475)	(0.378)	(0.375)	(0.355)	(13,482)	(0.575)	(0.412)	(0.390)	(0.381)
country22	3.160***	-1.715	-0.794***	-0.270	-0.292	3.502***	2.078***	-1.128**	-0.839**	-0.770*	3.307***	0.601	-1.301***	-1.139***	-1.053***	3.187***	1.968***	-1.368***	-0.996***	-1.016***	-1.724***	1.959***	-1.207***	-0.810***	-0.749***	-1.223***	2.033***	-1.359***	-1.144***	-1.036***	1.349	1.113**	-1.236***	-0.884***	-0.976***
	(0.179)	(10,639)	(0.125)	(0.180)	(0.180)	(0.333)	(0.535)	(0.464)	(0.418)	(0.416)	(0.259)	(0.481)	(0.248)	(0.320)	(0.301)	(0.235)	(0.416)	(0.238)	(0.288)	(0.290)	(0.255)	(0.401)	(0.189)	(0.243)	(0.235)	(0.401)	(0.401)	(0.193)	(0.254)	(0.248)	(13,482)	(0.479)	(0.192)	(0.231)	(0.224)
country23	1.108***	-4.031	-2.826***	-3.070***	-2.418***	1.595***	-0.0994	-1.807***	-2.667***	-1.878***	1.332***	-1.665***	-2.103***	-2.941***	-2.160***	1.195***	-0.515	-2.356***	-3.223***	-2.347***	-3.751***	-0.712*	-2.659***	-3.469***	-2.613***	-3.394***	-0.708*	-2.730***	-3.520***	-2.599***	-0.897	-1.650***	-3.009***	-3.507***	-2.589***
	(0.191)	(10,639)	(0.145)	(0.167)	(0.167)	(0.349)	(0.557)	(0.430)	(0.281)	(0.277)	(0.272)	(0.497)	(0.247)	(0.226)	(0.216)	(0.250)	(0.433)	(0.213)	(0.207)	(0.199)	(0.273)	(0.423)	(0.186)	(0.211)	(0.204)	(0.416)	(0.430)	(0.214)	(0.235)	(0.227)	(13,482)	(0.522)	(0.233)	(0.284)	(0.275)
country24	-0.625***	-3.470	-4.576***	-2.236***	-2.188***	-0.281	0.440	-4.535***	-2.242***	-2.241***	-0.462*	-1.116**	-4.850***	-2.599***	-2.651***	-0.857***	-0.118	-5.471***	-3.034***	-3.106***	-5.953***	-0.353	-5.629***	-3.123***	-3.065***	-5.804***	-0.584	-6.488***	-3.935***	-3.840***	-3.417	-1.747***	-6.386***	-3.875***	-4.026***
	(0.179)	(10,639)	(0.117)	(0.155)	(0.160)	(0.334)	(0.542)	(0.295)	(0.268)	(0.285)	(0.259)	(0.486)	(0.214)	(0.231)	(0.235)	(0.236)	(0.420)	(0.253)	(0.265)	(0.278)	(0.257)	(0.406)	(0.233)	(0.262)	(0.264)	(0.402)	(0.407)	(0.277)	(0.334)	(0.337)	(13,482)	(0.486)	(0.260)	(0.312)	(0.313)
country25	1.478***	-2.695	-2.480***	-1.390***	-1.517***	1.891***	1.165**	-3.165***	-1.643***	-1.694***	1.631***	-0.359	-3.284***	-1.954***	-2.019***	1.560***	1.019**	-3.173***	-1.858***	-1.955***	-3.255***	1.002**	-2.794***	-1.763***	-1.799***	-2.798***	1.010**	-2.923***	-2.030***	-2.021***	-0.137	0.0988	-2.637***	-1.825***	-1.983***
	(0.179)	(10,639)	(0.138)	(0.151)	(0.148)	(0.335)	(0.531)	(0.698)	(0.321)	(0.300)	(0.259)	(0.478)	(0.310)	(0.254)	(0.234)	(0.235)	(0.412)	(0.278)	(0.227)	(0.223)	(0.255)	(0.397)	(0.200)	(0.195)	(0.187)	(0.400)	(0.397)	(0.191)	(0.200)	(0.191)	(13,482)	(0.476)	(0.182)	(0.196)	(0.191)
country26	-2.060***	-5.655	-6.030***	-4.094***	-3.492***	-1.875***	-1.818***	-7.709***	-4.813***	-4.121***	-2.017***	-3.377***	-7.916***	-5.336***	-4.604***	-2.054***	-1.939***	-7.630***	-5.025***	-4.387***	-6.944***	-1.948***	-7.009***	-4.723***	-3.974***	-6.561***	-2.009***	-7.470***	-5.328***	-4.474***	-3.941	-3.024***	-6.886***	-5.060***	-4.416***
	(0.184)	(10,639)	(0.201)	(0.205)	(0.202)	(0.345)	(0.541)	(1.153)	(0.495)	(0.481)	(0.267)	(0.485)	(0.544)	(0.427)	(0.392)	(0.241)	(0.418)	(0.495)	(0.377)	(0.369)	(0.260)	(0.402)	(0.335)	(0.298)	(0.280)	(0.403)	(0.402)	(0.318)	(0.314)	(0.295)	(13,482)	(0.480)	(0.255)	(0.249)	(0.241)
country27	0.623***	-2.433	-3.323***	-1.664***	-1.426***	1.054***	1.600***	-3.213***	-0.839***	-0.723***	0.739***	-0.0526	-3.326***	-1.041***	-0.923***	0.500**	1.136***	-3.550***	-1.424***	-1.158***	-4.584***	0.881**	-3.772***	-1.870***	-1.542***	-4.340***	0.639	-4.170***	-2.148***	-1.706***	-1.971	-0.563	-4.347***	-2.394***	-1.939***
	(0.174)	(10,639)	(0.102)	(0.143)	(0.140)	(0.326)	(0.527)	(0.286)	(0.267)	(0.250)	(0.253)	(0.476)	(0.170)	(0.225)	(0.208)	(0.230)	(0.410)	(0.152)	(0.180)	(0.179)	(0.251)	(0.396)	(0.140)	(0.159)	(0.156)	(0.398)	(0.396)	(0.158)	(0.166)	(0.161)	(13,482)	(0.474)	(0.164)	(0.185)	(0.181)
country28	-0.978***	-4.799	-4.927***	-3.713***	-3.806***	-0.738**	-1.056**	-4.975***	-3.673***	-3.715***	-0.885***	-2.542***	-5.075***	-3.846***	-3.939***	-0.861***	-1.087***	-5.086***	-3.834***	-3.961***	-5.674***	-1.058***	-4.972***	-3.818***	-3.895***	-5.191***	-0.999**	-5.131***	-3.983***	-4.057***	-2.541	-1.893***	-4.934***	-3.803***	-3.972***
	(0.184)	(10,639)	(0.121)	(0.142)	(0.140)	(0.341)	(0.538)	(0.300)	(0.243)	(0.233)	(0.265)	(0.484)	(0.203)	(0.194)	(0.184)	(0.242)	(0.418)	(0.191)	(0.182)	(0.177)	(0.262)	(0.404)	(0.171)	(0.180)	(0.177)	(0.405)	(0.405)	(0.188)	(0.202)	(0.197)	(13,482)	(0.484)	(0.189)	(0.212)	(0.207)
country29	2.299***	-2.823	-1.640***	-1.610***	-1.285***	2.311***	0.474	-1.489***	-2.292***	-2.283***	2.290***	-0.602	-1.628***	-2.177***	-1.925***	2.222***	0.819*	-1.928***	-2.086***	-1.816***	-2.551***	1.019**	-1.875***	-1.749***	-1.312***	-2.047***	1.161**	-2.123***	-2.001***	-1.570***	0.558	0.176	-1.949***	-1.801***	-1.566***
	(0.195)	(10,639)	(0.137)	(0.257)	(0.267)	(0.357)	(0.626)	(0.298)	(0.447)	(0.478)	(0.279)	(0.539)	(0.219)	(0.365)	(0.370)	(0.256)	(0.474)	(0.205)	(0.341)	(0.353)	(0.276)	(0.458)	(0.196)	(0.318)	(0.325)	(0.416)	(0.458)	(0.225)	(0.337)	(0.341)	(13,482)	(0.528)	(0.225)	(0.320)	(0.323)
country30	0.299	-2.170	-3.636***	-1.875***	-2.102***	0.452	1.579***	-3.176***	-0.508	-0.995*	0.111	-0.0331	-3.314***	-0.500	-1.054**	-0.00374	1.265***	-3.626***	-1.057***	-1.278***	-4.881***	1.114***	-3.894***	-1.630***	-1.744***	-4.521***	0.915**	-4.227***	-1.768***	-1.698***	-1.799	-0.0925	-4.189***	-1.927***	-1.837***
	(0.194)	(10,639)	(0.145)	(0.247)	(0.233)	(0.358)	(0.542)	(0.348)	(0.589)	(0.530)	(0.278)	(0.487)	(0.258)	(0.475)	(0.413)	(0.256)	(0.421)	(0.213)	(0.343)	(0.330)	(0.279)	(0.410)	(0.189)	(0.238)	(0.227)	(0.421)	(0.415)	(0.219)	(0.223)	(0.213)	(13,482)	(0.499)	(0.240)	(0.239)	(0.232)
country31	1.263***	-2.842	-2.682***	-2.048***	-1.948***	1.881***	1.040**	-1.546***	-1.190***	-1.261***	1.382***	-0.607	-2.183***	-1.412***	-1.505***	1.047***	0.691*	-2.902***	-1.843***	-1.773***	-4.109***	0.556	-3.406***	-2.197***	-2.059***	-3.902***	0.462	-4.146***	-2.455***	-2.212***	-1.526	-0.617	-4.278***	-2.540***	-2.391***
	(0.175)	(10,639)	(0.102)	(0.138)	(0.135)	(0.326)	(0.526)	(0.391)	(0.435)	(0.411)	(0.253)	(0.474)	(0.198)	(0.298)	(0.277)	(0.231)	(0.410)	(0.151)	(0.191)	(0.192)	(0.253)	(0.396)	(0.154)	(0.153)	(0.150)	(0.400)	(0.396)	(0.204)	(0.171)	(0.164)	(13,482)	(0.473)	(0.215)	(0.195)	(0.190)
country32	-0.963***	-4.449	-4.931***	-3.004***	-2.337***	-0.747**	-0.767	-6.480***	-3.719***	-2.989***	-0.887***	-2.205***	-6.500***	-3.988***	-3.202***	-0.996***	-0.788*	-6.293***	-3.766***	-3.069***	-5.829***	-0.775*	-5.814***	-3.544***	-2.768***	-5.284***	-0.748*	-6.085***	-3.917***	-3.080***	-2.635	-1.731***	-5.416***	-3.678***	-3.000***
	(0.196)	(10,639)	(0.199)	(0.219)	(0.216)	(0.369)	(0.566)	(1.105)	(0.489)	(0.473)	(0.284)	(0.501)	(0.489)	(0.373)	(0.345)	(0.255)	(0.435)	(0.433)	(0.326)	(0.318)	(0.272)	(0.419)	(0.325)	(0.273)	(0.261)	(0.411)	(0.418)	(0.311)	(0.280)	(0.266)	(13,482)	(0.492)	(0.240)	(0.244)	(0.236)
country33	3.220***	-0.956	-0.737***	0.560***	0.658***	3.167***	2.487***	-1.604***	-0.472	-0.336	3.244***	1.182**	-1.511***	-0.629*	-0.494	3.283***	2.648***	-1.304***	-0.328	-0.294	-1.482***	2.662***	-0.995***	-0.107	0.0443	-0.860**	2.772***	-1.043***	-0.407	-0.183	1.774	1.884***	-0.738***	-0.0828	-0.0357
	(0.184)	(10,639)	(0.140)	(0.200)	(0.201)	(0.341)	(0.544)	(0.546)	(0.467)	(0.462)	(0.265)	(0.488)	(0.284)	(0.360)	(0.347)	(0.241)	(0.421)	(0.252)	(0.303)	(0.307)	(0.261)	(0.406)	(0.203)	(0.254)	(0.245)	(0.404)	(0.406)	(0.209)	(0.264)	(0.253)	(13,482)	(0.485)	(0.194)	(0.229)	(0.222)
country35	3.812***	-0.723	-0.119	0.0198	-0.330**	4.045***	2.967***	1.107*	0.676*	0.100	3.851***	1.502***	0.817***	0.615**	-0.0153	3.828***	3.009***	0.398**	0.469**	-0.0371	-1.073***	3.048***	-0.0185	0.296*	-0.172	-0.705*	3.122***	-0.396***	0.286*	-0.157	1.744	2.188***	-0.678***	0.305	-0.220
	(0.173)	(10,639)	(0.130)	(0.145)	(0.135)	(0.320)	(0.526)	(0.650)	(0.379)	(0.323)	(0.250)	(0.474)	(0.290)	(0.263)	(0.220)	(0.228)	(0.410)	(0.199)	(0.188)	(0.174)	(0.250)	(0.396)	(0.140)	(0.157)	(0.150)	(0.398)	(0.397)	(0.151)	(0.166)	(0.160)	(13,482)	(0.474)	(0.168)	(0.189)	(0.186)
country37	-0.293*	-4.333	-4.253***	-3.063***	-2.904***	-0.108	-0.708	-6.003***	-3.721***	-3.374***	-0.264	-2.121***	-5.973***	-3.953***	-3.597***	-0.296	-0.707*	-5.599***	-3.694***	-3.449***	-5.025***	-0.596	-4.886***	-3.365***	-3.054***	-4.458***	-0.455	-5.049***	-3.647***	-3.311***	-1.796	-1.385***	-4.514***	-3.374***	-3.240***
	(0.177)	(10,639)	(0.143)	(0.150)	(0.147)	(0.330)	(0.534)	(1.182)	(0.503)	(0.474)	(0.255)	(0.480)	(0.490)	(0.359)	(0.329)	(0.232)	(0.413)	(0.417)	(0.300)	(0.292)	(0.252)	(0.399)	(0.273)	(0.242)	(0.229)	(0.398)	(0.399)	(0.255)	(0.256)	(0.243)	(13,482)	(0.478)	(0.206)	(0.223)	(0.215)
country38	-1.133***	-4.666	-5.096***	-3.320***	-2.828***	-0.984***	-0.959*	-6.494***	-3.826***	-3.222***	-1.171***	-2.470***	-6.514***	-4.126***	-3.536***	-1.223***	-1.061**	-6.357***	-3.991***	-3.471***	-5.997***	-0.981**	-5.769***	-3.748***	-3.174***	-5.506***	-1.003**	-5.980***	-4.116***	-3.478***	-2.940	-2.003***	-5.580***	-3.936***	-3.447***
	(0.180)	(10,639)	(0.159)	(0.177)	(0.175)	(0.337)	(0.549)	(0.960)	(0.395)	(0.381)	(0.261)	(0.488)	(0.406)	(0.298)	(0.276)	(0.237)	(0.422)	(0.377)	(0.276)	(0.271)	(0.256)	(0.407)	(0.255)	(0.233)	(0.223)	(0.401)	(0.407)	(0.241)	(0.242)	(0.229)	(13,482)	(0.483)	(0.200)	(0.219)	(0.212)
country40	1.450***	-2.617	-2.509***	-1.182***	-1.020***	1.551***	0.880*	-3.418***	-1.987***	-1.679***	1.377***	-0.505	-3.464***	-2.152***	-1.845***	1.342***	0.957**	-3.400***	-1.959***	-1.725***	-3.442***	1.032***	-2.984***	-1.734***	-1.462***	-2.883***	1.144***	-3.096***	-1.975***	-1.657***	-0.210	0.244	-2.805***	-1.723***	-1.591***
	(0.179)	(10,639)	(0.142)	(0.175)	(0.171)	(0.335)	(0.534)	(0.650)	(0.373)	(0.347)	(0.259)	(0.479)	(0.294)	(0.278)	(0.252)	(0.235)	(0.413)	(0.280)	(0.254)	(0.249)	(0.255)	(0.399)	(0.200)	(0.212)	(0.200)	(0.400)	(0.398)	(0.201)	(0.229)	(0.216)	(13,482)	(0.476)	(0.192)	(0.214)	(0.205)
country41	-0.282	-4.228	-4.231***	-2.938***	-2.795***	-0.370	-0.869	-5.192***	-3.780***	-3.719***	-0.330	-2.048***	-4.879***	-3.775***	-3.667***	-0.392	-0.603	-4.755***	-3.528***	-3.444***	-5.220***	-0.483	-4.534***	-3.249***	-3.037***	-4.852***	-0.457	-4.733***	-3.489***	-3.260***	-2.306	-1.354**	-4.601***	-3.248***	-3.090***
	(0.214)	(10,639)	(0.162)	(0.303)	(0.299)	(0.390)	(0.626)	(0.617)	(0.531)	(0.525)	(0.301)	(0.559)	(0.301)	(0.433)	(0.414)	(0.275)	(0.496)	(0.258)	(0.381)	(0.377)	(0.290)	(0.477)	(0.217)	(0.338)	(0.329)	(0.427)	(0.480)	(0.236)	(0.341)	(0.328)	(13,482)	(0.557)	(0.240)	(0.347)	(0.338)
country42	2.167***	-1.944	-1.755***	-0.646***	-0.665***	2.590***	2.290***	0.360	-0.541	-0.642	2.117***	0.437	-0.363	-1.155***	-1.186***	1.909***	1.784***	-1.178***	-1.128***	-1.156***	-3.107***	1.673***	-1.913***	-1.096***	-1.003***	-2.656***	1.712***	-2.193***	-1.491***	-1.313***	-0.126	0.590	-2.495***	-1.446***	-1.414***
	(0.177)	(10,639)	(0.175)	(0.218)	(0.215)	(0.329)	(0.581)	(1.066)	(0.418)	(0.409)	(0.258)	(0.512)	(0.424)	(0.319)	(0.305)	(0.237)	(0.446)	(0.285)	(0.304)	(0.301)	(0.259)	(0.432)	(0.175)	(0.289)	(0.279)	(0.406)	(0.433)	(0.175)	(0.315)	(0.302)	(13,482)	(0.511)	(0.190)	(0.308)	(0.297)
country43	2.713***	-1.884	-1.253***	-0.188	-0.444*	2.609***	1.576***	-3.008***	-1.504**	-1.674***	2.775***	0.327	-2.769***	-1.711***	-1.880***	2.752***	1.776***	-2.427***	-1.315***	-1.630***	-2.204***	1.766***	-2.023***	-1.009***	-1.202***	-1.725***	1.766***	-2.205***	-1.489***	-1.640***	0.903	0.808*	-1.824***	-1.213***	-1.557***
	(0.197)	(10,639)	(0.196)	(0.243)	(0.245)	(0.370)	(0.555)	(1.038)	(0.589)	(0.574)	(0.286)	(0.494)	(0.475)	(0.475)	(0.449)	(0.258)	(0.427)	(0.405)	(0.390)	(0.400)	(0.274)	(0.411)	(0.286)	(0.309)	(0.302)	(0.412)	(0.410)	(0.264)	(0.298)	(0.293)	(13,482)	(0.488)	(0.238)	(0.258)	(0.252)
country45	2.082***	-2.871	-1.882***	-1.160***	-1.323***	2.385***	0.807	-2.981***	-2.260***	-2.408***	2.235***	-0.650	-3.021***	-2.607***	-2.698***	2.183***	0.809*	-2.916***	-2.280***	-2.497***	-2.691***	0.847**	-2.542***	-1.928***	-2.020***	-2.212***	0.879**	-2.810***	-2.423***	-2.475***	0.395	-0.121	-2.378***	-2.151***	-2.427***
	(0.179)	(10,639)	(0.167)	(0.231)	(0.232)	(0.336)	(0.535)	(0.876)	(0.556)	(0.541)	(0.260)	(0.479)	(0.385)	(0.419)	(0.395)	(0.235)	(0.414)	(0.367)	(0.374)	(0.384)	(0.255)	(0.399)	(0.274)	(0.297)	(0.288)	(0.400)	(0.398)	(0.259)	(0.300)	(0.291)	(13,482)	(0.475)	(0.218)	(0.239)	(0.232)
age38	-1.578	-5.041				-0.752	-4.957				-1.045	0.961				-2.579	-5.015				-0.223	-4.949				-2.744	0.837				-3.554	-5.430			
	(3.823)	(3.729)				(28,947)	(3.708)				(16,894)	(56,150)				(3.968)	(3.847)				(18,629)	(3.891)				(3.964)	(21,530)				(3.976)	(3.898)			
yearc1	4.583		3.845*			6.853		1.948			8.616**		2.073			4.418		3.025			10.71**		5.410*			10.40**		6.313**			7.206		5.856		
	(15,348)		(2.181)			(4.323)		(3.054)			(4.321)		(2.695)			(17,444)		(2.605)			(4.650)		(2.938)			(4.636)		(3.127)			(5.492)		(4.049)		
yearc2	-4.277		-5.035			-2.151		-8.695*					-8.381*			-3.854		-6.989					-5.749					-4.802			-3.534		-4.648		
	(15,348)		(3.684)			(5.253)		(5.080)					(4.538)			(17,444)		(4.371)					(4.059)					(4.292)			(5.467)		(4.011)		
yearc3	-2.834		-3.575*			6.925		0.842			1.444		-4.985**			-2.473		-4.070*			1.158		-3.477*			0.948		-2.050			-1.960		-2.151		
	(15,348)		(1.872)			(5.248)		(4.949)			(4.165)		(2.317)			(17,444)		(2.239)			(4.227)		(2.090)			(4.210)		(2.256)			(4.528)		(2.399)		
yearc4	-3.522		-4.248								0.869		-4.581			-3.045		-3.847			0.712		-3.379			0.609		-1.646							
	(15,348)		(3.667)								(5.260)		(4.448)			(17,444)		(4.323)			(5.337)		(4.044)			(5.314)		(4.307)							
yearc5	-0.484		-1.223			3.307		-3.511			5.144		-3.152			1.054		-2.158			4.681		-0.996			5.917		0.600			2.604		1.016		
	(15,348)		(1.431)			(4.028)		(3.190)			(4.022)		(2.068)			(17,444)		(1.945)			(4.080)		(1.750)			(4.121)		(2.014)			(4.313)		(1.870)		
yearc6	-0.0854		-0.814			1.452		-3.086			4.019		-2.077			0.0918		-1.647			2.976		-1.969			2.536		-1.897			-2.099		-3.509		
	(15,348)		(1.339)			(3.988)		(2.172)			(3.950)		(1.688)			(17,444)		(1.739)			(4.081)		(1.731)			(4.206)		(2.219)			(4.524)		(2.360)		
yearc8	-0.898		-1.628*			0.598		-3.611**			3.438		-2.316*			-1.257		-2.737**			3.312		-1.413			1.582		-3.457**			-2.007		-3.795**		
	(15,348)		(0.909)			(3.874)		(1.731)			(3.832)		(1.231)			(17,444)		(1.233)			(3.911)		(1.209)			(4.022)		(1.735)			(4.219)		(1.612)		
yearc9	-0.0474		-0.786			-0.0600		-6.229**			3.687		-3.421**			0.593		-1.381			3.795		-1.315			3.373		-0.957			0.463		-1.150		
	(15,348)		(0.878)			(3.957)		(2.747)			(3.876)		(1.494)			(17,444)		(1.159)			(3.882)		(1.103)			(3.887)		(1.283)			(4.147)		(1.387)		
yearc10	-0.920		-1.656**			-0.172		-4.205**			2.323		-4.310***			-0.540		-2.388**			3.637		-1.898*			3.816		-1.230			0.0457		-1.756		
	(15,348)		(0.740)			(3.885)		(1.712)			(3.846)		(1.339)			(17,444)		(1.097)			(3.860)		(1.031)			(3.856)		(1.163)			(4.077)		(1.134)		
yearc19	2.704		1.962			4.729		-0.544			8.036*		0.885			4.133		1.901			6.980		1.340			6.891		2.194			3.677		2.048		
	(15,348)		(2.139)			(5.245)		(4.757)			(4.556)		(3.212)			(17,444)		(3.099)			(4.359)		(2.387)			(4.341)		(2.526)			(4.773)		(2.852)		
yearc37	0.406		-0.356			2.201		-5.124			4.276		-3.921			-0.253		-3.194			3.552		-2.323			3.613		-2.025					-2.045		
	(15,348)		(3.845)			(5.371)		(5.490)			(5.411)		(4.760)			(17,444)		(4.584)			(5.485)		(4.267)			(5.462)		(4.512)					(4.231)		
yearc38	-3.363		-4.105					-7.109			0.796		-6.168*			-3.578		-5.618*			-0.132		-5.353*			-0.649		-5.338*			-4.156		-5.527*		
	(15,348)		(2.665)					(5.279)			(4.594)		(3.277)			(17,444)		(3.170)			(4.665)		(2.958)			(4.648)		(3.141)			(4.818)		(2.949)		
yearc39	-0.174		-0.929			1.926		-4.567			3.865		-4.316**			-0.287		-3.345*			3.286		-2.582			2.948		-2.394			0.473		-1.537		
	(15,348)		(1.377)			(3.936)		(2.914)			(3.950)		(1.867)			(17,444)		(1.745)			(4.008)		(1.581)			(3.992)		(1.675)			(4.227)		(1.654)		
yearc40	0.683		-0.0584			1.780		-4.162*			4.806		-2.752**			0.998		-1.724			4.188		-1.529			4.252		-0.997			0.127		-2.013		
	(15,348)		(0.915)			(3.824)		(2.425)			(3.830)		(1.371)			(17,444)		(1.297)			(3.894)		(1.188)			(3.884)		(1.289)			(4.076)		(1.286)		
yearc42	-0.416		-1.162**			1.115		-4.398**			3.373		-3.991***			-0.223		-2.749***			3.604		-2.020***			3.756		-1.648**			0.687		-1.448*		
	(15,348)		(0.511)			(3.752)		(1.956)			(3.743)		(0.930)			(17,444)		(0.827)			(3.798)		(0.729)			(3.787)		(0.822)			(3.976)		(0.767)		
yearc71	0.715	-4.334				2.638	0.797				5.134	-4.275				1.081	-4.473				4.795	-4.670				4.576	-4.602				1.527	-4.217			
	(15,348)	(3.317)				(3.784)	(38,552)				(3.757)	(3.365)				(17,444)	(3.439)				(3.816)	(3.475)				(3.810)	(3.481)				(4.007)	(3.486)			
country20	3.076***		-0.850***			3.337***		0.676			3.094***		0.439			3.061***		0.0517			-1.708***		-0.292			-1.278***		-0.332*			1.353		-0.577***		
	(0.171)		(0.150)			(0.318)		(0.808)			(0.247)		(0.373)			(0.225)		(0.292)			(0.247)		(0.198)			(0.396)		(0.185)			(13,482)		(0.171)		
country34	1.417***		-2.530***			1.679***		-3.123***			1.427***		-3.101***			1.307***		-3.103***			-3.479***		-2.866***			-3.081***		-3.114***			-0.586		-3.079***		
	(0.187)		(0.124)			(0.346)		(0.567)			(0.268)		(0.249)			(0.244)		(0.222)			(0.263)		(0.185)			(0.407)		(0.196)			(13,482)		(0.196)		
country36	3.627***		-0.305**			4.049***		0.458			3.726***		0.246			3.670***		-0.0453			-1.211***		-0.337**			-0.872**		-0.842***			1.537		-1.048***		
	(0.173)		(0.127)			(0.320)		(0.307)			(0.249)		(0.203)			(0.227)		(0.154)			(0.249)		(0.134)			(0.398)		(0.167)			(13,482)		(0.185)		
country39	3.702**		-0.238			2.696		-2.015			3.739**		-0.546			3.643*		-0.240			-1.150		0.163			-1.253		0.0127			1.757		0.455		
	(1.832)		(1.826)			(2.621)		(3.164)			(1.872)		(2.209)			(1.890)		(2.142)			(1.898)		(2.004)			(2.199)		(2.447)			(13,482)		(2.803)		
country44	1.898***		-2.016***			2.036***		-0.430			1.603***		-0.931**			1.380***		-1.471***			-3.663***		-2.208***			-3.347***		-2.425***			-0.892		-2.926***		
	(0.178)		(0.220)			(0.327)		(0.927)			(0.256)		(0.410)			(0.236)		(0.341)			(0.261)		(0.226)			(0.410)		(0.220)			(13,482)		(0.222)		
country46	3.944***	-1.020				3.964***	2.590***				3.956***	1.260**				3.923***	2.677***				-0.918***	2.755***				-0.383	2.825***				2.223	1.844***			
	(0.191)	(10,639)				(0.353)	(0.553)				(0.274)	(0.492)				(0.250)	(0.427)				(0.269)	(0.414)				(0.411)	(0.416)				(13,482)	(0.497)			
educfyrs		0.534***		0.456***			0.563***		0.626***			0.555***		0.643***			0.554***		0.599***			0.530***		0.532***			0.514***		0.559***			0.508***		0.526***	
		(0.00663)		(0.0225)			(0.0112)		(0.0676)			(0.00924)		(0.0486)			(0.00952)		(0.0381)			(0.0108)		(0.0268)			(0.0122)		(0.0263)			(0.0146)		(0.0204)	
educfyrs_sq		-0.0157***		-0.0168***			-0.0169***		-0.0175***			-0.0163***		-0.0171***			-0.0164***		-0.0169***			-0.0142***		-0.0142***			-0.0126***		-0.0130***			-0.0115***		-0.0116***	
		(0.000497)		(0.000592)			(0.000795)		(0.00103)			(0.000695)		(0.000850)			(0.000783)		(0.000868)			(0.000981)		(0.00101)			(0.00120)		(0.00125)			(0.00154)		(0.00155)	
borddummy2											-0.192***	-0.0626**	-0.989***	-0.421**	-0.286	-0.0876***	-0.0299	-0.690***	-0.226	-0.183	-0.0235	-0.0224	-0.389***	-0.0323	0.0496	-0.00350	-0.00162	-0.503***	-0.253*	-0.159	0.00256	-0.00657	-0.302***	-0.117	-0.105
											(0.0235)	(0.0285)	(0.210)	(0.196)	(0.177)	(0.0260)	(0.0318)	(0.172)	(0.164)	(0.163)	(0.0297)	(0.0363)	(0.115)	(0.128)	(0.122)	(0.0342)	(0.0414)	(0.112)	(0.138)	(0.132)	(0.0407)	(0.0488)	(0.0910)	(0.102)	(0.0985)
borddummy3																-0.0797***	0.0653*	-1.338***	-0.339	-0.245	0.0293	0.0703*	-0.702***	0.0508	0.218	0.0985**	0.110**	-0.894***	-0.394	-0.215	0.108**	0.0862	-0.505***	-0.142	-0.130
																(0.0306)	(0.0381)	(0.356)	(0.333)	(0.334)	(0.0340)	(0.0423)	(0.224)	(0.248)	(0.236)	(0.0384)	(0.0474)	(0.212)	(0.267)	(0.258)	(0.0450)	(0.0550)	(0.168)	(0.193)	(0.186)
borddummy4																					0.214***	0.244***	-0.876***	0.216	0.464	0.294***	0.262***	-1.159***	-0.452	-0.186	0.321***	0.250***	-0.574**	-0.0749	-0.0563
																					(0.0400)	(0.0507)	(0.333)	(0.353)	(0.336)	(0.0445)	(0.0561)	(0.309)	(0.376)	(0.363)	(0.0514)	(0.0644)	(0.242)	(0.272)	(0.261)
borddummy5																										0.506***	0.457***	-1.470***	-0.489	-0.147	0.484***	0.402***	-0.712**	-0.0276	-0.00658
																										(0.0518)	(0.0661)	(0.418)	(0.497)	(0.481)	(0.0590)	(0.0752)	(0.321)	(0.357)	(0.344)
borddummy6																															0.662***	0.481***	-0.885**	-0.0484	-0.00601
																															(0.0694)	(0.0898)	(0.414)	(0.440)	(0.424)
Constant	7.372	13.59	10.35***	6.261*	8.477**	4.465	4.195	-0.882	-0.953	6.320	3.208	5.958	-0.831	-2.000	4.819	8.636	10.48***	-0.0724	0.282	2.150	6.938	10.87***	2.723	3.830	8.138	8.791**	5.283	-2.741	-0.701	4.655	9.541	11.92***	0.600	1.575	5.606
	(15,348)	(10,639)	(3.725)	(3.636)	(3.973)	(28,947)	(38,552)	(8.093)	(5.182)	(5.330)	(16,894)	(56,150)	(5.457)	(4.853)	(4.743)	(17,444)	(3.855)	(5.342)	(4.541)	(5.335)	(18,629)	(3.896)	(4.690)	(4.210)	(5.181)	(3.995)	(21,530)	(5.073)	(4.534)	(5.346)	(13,482)	(3.922)	(4.668)	(4.173)	(4.215)
																																			
Observations	223,412	121,570	223,412	121,570	120,085	71,008	39,932	71,008	39,932	39,441	114,759	64,225	114,759	64,225	63,539	126,598	70,100	126,598	70,100	69,370	119,151	65,661	119,151	65,661	64,954	102,961	57,060	102,961	57,060	56,434	81,954	45,835	81,954	45,835	45,322
R-squared	0.288	0.426	0.288	0.377	0.408	0.303	0.457	-0.008	0.427	0.483	0.287	0.433	-0.004	0.369	0.445	0.265	0.400	0.045	0.379	0.429	0.248	0.370	0.152	0.370	0.411	0.235	0.349	0.028	0.311	0.374	0.228	0.329	0.139	0.321	0.365
Standard errors in parentheses																																			
*** p<0.01, ** p<0.05, * p<0.1																																			
