	(1)	(2)	(3)	(4)	(5)	(6)	(7)	(8)	(9)	(10)	(11)	(12)	(13)	(14)	(15)	(16)	(17)	(18)	(19)	(20)
VARIABLES	eduyears	eduyears	eduyears	eduyears	eduyears	eduyears	eduyears	eduyears	eduyears	eduyears	eduyears	eduyears	eduyears	eduyears	eduyears	eduyears	eduyears	eduyears	eduyears	eduyears
																				
fert	-0.546***	-0.276***	-0.668***	-0.676***	-0.683***	1.966	0.135	-0.00941	-0.693***	1.820***	0.224	0.0499	-0.645***	1.111**	-0.0173	-0.0106	-0.565***	1.001***	-0.209	-0.379
	(0.00336)	(0.0930)	(0.113)	(0.110)	(0.00715)	(1.945)	(0.567)	(0.532)	(0.00582)	(0.660)	(0.370)	(0.334)	(0.00588)	(0.502)	(0.388)	(0.394)	(0.00654)	(0.366)	(0.295)	(0.276)
age18	-0.559	1.302	0.244	1.385	-0.972	8.682	0.392	1.538	-1.095	7.702	0.290	1.433	-3.784	5.448	0.268	1.472	-1.761	4.895	0.126	1.240
	(1.233)	(4.038)	(3.690)	(3.567)	(29,660)	(9.583)	(3.785)	(3.557)	(18,382)	(6.869)	(3.844)	(3.581)	(22,618)	(5.560)	(3.795)	(3.634)	(1.409)	(5.137)	(3.796)	(3.636)
age19	-0.293	1.566	0.552	1.708	-0.568	8.865	0.817	1.975	-0.781	7.797	0.588	1.752	-3.498	5.559	0.596	1.798	-1.521	4.982	0.434	1.568
	(1.233)	(4.038)	(3.690)	(3.567)	(29,660)	(9.471)	(3.777)	(3.548)	(18,382)	(6.852)	(3.842)	(3.579)	(22,618)	(5.547)	(3.793)	(3.633)	(1.409)	(5.130)	(3.795)	(3.635)
age20	0.328	2.222	0.926	2.065	0.0571	9.442	1.278	2.418	-0.112	8.492	1.077	2.218	-2.889	6.143	1.031	2.213	-0.899	5.558	0.928	2.034
	(1.233)	(4.039)	(3.691)	(3.567)	(29,660)	(9.447)	(3.781)	(3.553)	(18,382)	(6.854)	(3.843)	(3.580)	(22,618)	(5.545)	(3.793)	(3.633)	(1.409)	(5.128)	(3.795)	(3.635)
age21	0.223	2.122	0.960	2.118	-0.0323	9.112	1.349	2.519	-0.203	8.233	1.189	2.347	-2.997	5.984	1.125	2.343	-1.058	5.357	0.918	2.072
	(1.233)	(4.039)	(3.691)	(3.567)	(29,660)	(9.327)	(3.782)	(3.554)	(18,382)	(6.841)	(3.844)	(3.581)	(22,618)	(5.541)	(3.795)	(3.634)	(1.409)	(5.127)	(3.795)	(3.635)
age22	0.864	2.810	1.293	2.429	0.749	10.27	1.879	3.008	0.487	9.209	1.647	2.792	-2.307	6.725	1.553	2.764	-0.387	6.028	1.350	2.490
	(1.233)	(4.040)	(3.691)	(3.567)	(29,660)	(9.517)	(3.794)	(3.567)	(18,382)	(6.863)	(3.847)	(3.584)	(22,618)	(5.545)	(3.794)	(3.634)	(1.409)	(5.127)	(3.795)	(3.635)
age23	0.704	2.651	1.193	2.355	0.643	9.943	1.828	2.978	0.368	8.917	1.638	2.776	-2.475	6.466	1.489	2.706	-0.559	5.809	1.253	2.395
	(1.233)	(4.040)	(3.691)	(3.568)	(29,660)	(9.405)	(3.792)	(3.564)	(18,382)	(6.850)	(3.848)	(3.585)	(22,618)	(5.538)	(3.796)	(3.636)	(1.409)	(5.125)	(3.796)	(3.636)
age24	0.991	2.970	1.230	2.370	1.048	10.64	2.100	3.213	0.636	9.311	1.722	2.859	-2.195	6.797	1.589	2.822	-0.305	6.070	1.346	2.480
	(1.234)	(4.041)	(3.691)	(3.568)	(29,660)	(9.550)	(3.811)	(3.583)	(18,382)	(6.859)	(3.851)	(3.588)	(22,618)	(5.542)	(3.798)	(3.639)	(1.409)	(5.125)	(3.797)	(3.636)
age25	1.113	3.108	1.225	2.385	1.024	10.45	1.934	3.038	0.846	9.341	1.876	2.983	-2.031	6.962	1.665	2.913	-0.145	6.277	1.470	2.600
	(1.234)	(4.041)	(3.692)	(3.568)	(29,660)	(9.466)	(3.819)	(3.590)	(18,382)	(6.846)	(3.852)	(3.589)	(22,618)	(5.542)	(3.801)	(3.643)	(1.409)	(5.127)	(3.798)	(3.638)
age26	0.650	2.661	1.027	2.237	0.488	9.591	1.890	3.055	0.275	8.747	1.800	2.960	-2.460	6.490	1.659	2.949	-0.581	5.780	1.369	2.533
	(1.234)	(4.041)	(3.692)	(3.569)	(29,660)	(9.306)	(3.828)	(3.599)	(18,382)	(6.844)	(3.859)	(3.595)	(22,618)	(5.539)	(3.804)	(3.646)	(1.409)	(5.125)	(3.799)	(3.639)
age27	0.930	2.961	1.080	2.209	1.031	10.32	2.319	3.393	0.714	9.232	1.977	3.053	-2.100	6.876	1.780	2.981	-0.250	6.129	1.415	2.485
	(1.234)	(4.042)	(3.693)	(3.570)	(29,660)	(9.401)	(3.832)	(3.604)	(18,382)	(6.848)	(3.860)	(3.597)	(22,618)	(5.541)	(3.805)	(3.648)	(1.410)	(5.126)	(3.800)	(3.640)
age28	0.871	2.913	1.047	2.180	0.915	10.15	2.406	3.431	0.654	9.075	2.050	3.131	-2.168	6.763	1.736	2.966	-0.273	6.163	1.444	2.515
	(1.234)	(4.042)	(3.694)	(3.571)	(29,660)	(9.375)	(3.861)	(3.632)	(18,382)	(6.840)	(3.866)	(3.603)	(22,618)	(5.538)	(3.810)	(3.653)	(1.410)	(5.128)	(3.802)	(3.642)
age29	0.709	2.752	0.925	2.112	0.758	9.755	2.366	3.443	0.468	8.787	2.089	3.185	-2.343	6.550	1.725	3.030	-0.477	5.854	1.337	2.483
	(1.235)	(4.042)	(3.694)	(3.571)	(29,660)	(9.255)	(3.864)	(3.637)	(18,382)	(6.833)	(3.871)	(3.608)	(22,618)	(5.535)	(3.815)	(3.660)	(1.411)	(5.123)	(3.803)	(3.643)
age30	0.577	2.661	0.564	1.741	0.833	9.975	2.156	3.262	0.473	8.992	1.949	3.019	-2.427	6.685	1.626	2.926	-0.655	5.915	1.065	2.171
	(1.236)	(4.043)	(3.696)	(3.574)	(29,660)	(9.327)	(3.894)	(3.671)	(18,382)	(6.848)	(3.883)	(3.621)	(22,618)	(5.552)	(3.835)	(3.683)	(1.413)	(5.134)	(3.813)	(3.653)
age31	-0.0787	2.007	0.101	1.319	-0.341	8.710	1.657	2.768	-0.355	7.929	1.591	2.724	-2.922	6.067	1.431	2.786	-0.950	5.573	1.089	2.128
	(1.236)	(4.043)	(3.699)	(3.577)	(29,660)	(9.282)	(3.948)	(3.723)	(18,382)	(6.831)	(3.896)	(3.634)	(22,618)	(5.543)	(3.845)	(3.695)	(1.412)	(5.132)	(3.818)	(3.658)
age32	0.719	2.788	0.893	2.163	0.759	9.082	2.317	3.480	0.460	8.652	2.062	3.286	-2.342	6.676	1.829	3.255	-0.441	6.202	1.377	2.557
	(1.242)	(4.045)	(3.701)	(3.578)	(29,660)	(8.937)	(3.870)	(3.645)	(18,382)	(6.828)	(3.888)	(3.625)	(22,618)	(5.549)	(3.845)	(3.694)	(1.419)	(5.141)	(3.822)	(3.662)
age33	-0.227	1.848	0.00219	1.199	-0.180	8.997	1.933	2.982	-0.348	7.813	1.807	2.726	-3.130	5.729	1.270	2.457	-1.145	5.306	0.812	1.756
	(1.244)	(4.047)	(3.707)	(3.584)	(29,660)	(9.351)	(3.980)	(3.740)	(18,382)	(6.828)	(3.915)	(3.647)	(22,618)	(5.539)	(3.861)	(3.707)	(1.423)	(5.136)	(3.831)	(3.671)
age34	-0.842	1.176	-0.350	0.794	-0.692	6.640	1.477	2.494	-0.894	6.474	1.385	2.381	-3.603	4.574	1.069	2.256	-1.873	4.169	0.463	1.316
	(1.263)	(4.052)	(3.717)	(3.595)	(29,660)	(8.506)	(3.937)	(3.708)	(18,382)	(6.784)	(3.929)	(3.664)	(22,618)	(5.503)	(3.861)	(3.708)	(1.446)	(5.128)	(3.844)	(3.684)
age35	-0.225	2.004	-1.409	-0.148	-0.463	9.075	1.408	2.219	-0.255	9.157	1.031	1.888	-2.595	6.756	0.226	1.511	-0.596	6.470	-0.00434	0.861
	(1.302)	(4.073)	(3.761)	(3.636)	(29,660)	(9.566)	(4.119)	(3.873)	(18,382)	(6.966)	(3.998)	(3.724)	(22,618)	(5.612)	(3.925)	(3.770)	(1.504)	(5.201)	(3.911)	(3.746)
age36	-1.521	0.587	-0.694	0.447	-1.148	7.898	2.394	3.244	-1.648	7.240	2.333	2.969	-4.065	5.005	1.605	2.624	-2.054	4.707	1.563	2.016
	(1.346)	(4.087)	(3.767)	(3.642)	(29,660)	(9.339)	(4.256)	(4.004)	(18,382)	(6.946)	(4.079)	(3.794)	(22,618)	(5.612)	(4.034)	(3.882)	(1.544)	(5.208)	(3.984)	(3.813)
age37		2.078	4.552	4.710	0.255	9.134	5.529	5.585	0.340	7.737	5.453	5.408	-1.839	5.618	5.277	5.343		5.687	4.959	4.772
		(4.230)	(4.081)	(3.944)	(29,660)	(9.465)	(4.168)	(3.901)	(18,382)	(7.128)	(4.254)	(3.958)	(22,618)	(5.739)	(4.204)	(4.023)		(5.376)	(4.199)	(4.020)
educmale1				-0.481***				-0.736***				-0.762***				-0.944***				-0.810***
				(0.118)				(0.265)				(0.161)				(0.165)				(0.146)
educmale2				1.072***				0.916***				0.910***				0.715***				0.803***
				(0.114)				(0.257)				(0.151)				(0.150)				(0.141)
educmale3				2.048***				2.322***				2.371***				2.167***				2.156***
				(0.103)				(0.185)				(0.170)				(0.151)				(0.138)
educmale4				3.065***				3.321***				3.422***				3.236***				3.236***
				(0.109)				(0.209)				(0.188)				(0.180)				(0.154)
educmale5				0.320				1.227				1.254				1.090				0.647
				(3.494)				(3.415)				(3.501)				(3.565)				(3.569)
educfyrs1				-2.367				-6.008*				-4.074				0.0900				-3.537
				(2.042)				(3.504)				(2.545)				(3.597)				(3.542)
educfyrs2				-2.263				-5.993*				-4.006				0.128				-3.448
				(2.047)				(3.538)				(2.565)				(3.606)				(3.543)
educfyrs3				-1.908				-5.618				-3.662				0.534				-3.051
				(2.043)				(3.510)				(2.554)				(3.605)				(3.542)
educfyrs4				-1.637				-5.135				-3.181				0.987				-2.702
				(2.039)				(3.494)				(2.538)				(3.592)				(3.542)
educfyrs5				-1.558				-4.964				-3.073				1.087				-2.623
				(2.037)				(3.474)				(2.531)				(3.587)				(3.542)
educfyrs6				-1.144				-4.200				-2.281				1.797				-1.996
				(2.031)				(3.444)				(2.506)				(3.569)				(3.542)
educfyrs7				-1.041				-3.993				-2.063				2.007				-1.779
				(2.030)				(3.439)				(2.504)				(3.565)				(3.543)
educfyrs8				-1.163				-4.206				-2.287				1.905				-1.810
				(2.030)				(3.444)				(2.512)				(3.570)				(3.543)
educfyrs9				-0.938				-3.861				-1.842				2.233				-1.634
				(2.027)				(3.433)				(2.500)				(3.561)				(3.544)
educfyrs10				-1.394				-4.062				-2.055				2.204				-1.712
				(2.024)				(3.422)				(2.491)				(3.554)				(3.546)
educfyrs11				-0.922				-3.558				-1.602				2.479				-1.430
				(2.023)				(3.417)				(2.487)				(3.555)				(3.546)
educfyrs12				-0.949				-3.075				-1.153				2.910				-1.028
				(2.018)				(3.411)				(2.473)				(3.544)				(3.553)
educfyrs13				-0.769				-2.793				-0.859				3.138				-0.804
				(2.018)				(3.411)				(2.472)				(3.542)				(3.554)
educfyrs14				-0.836				-3.093				-1.070				3.046				-0.999
				(2.021)				(3.414)				(2.479)				(3.549)				(3.565)
educfyrs15				-0.905				-3.002				-0.965				2.845				-1.350
				(2.021)				(3.414)				(2.477)				(3.552)				(3.559)
educfyrs16				-0.618				-2.668				-0.682				3.341				-1.063
				(2.019)				(3.412)				(2.478)				(3.548)				(3.566)
educfyrs17				-1.083				-2.689				-0.817				3.087				-0.716
				(2.018)				(3.420)				(2.470)				(3.542)				(3.564)
educfyrs18				-0.566				-2.588				-0.482				3.261				-0.978
				(2.024)				(3.422)				(2.482)				(3.559)				(3.588)
educfyrs19				-0.440				-2.364				-0.302				3.699				-0.286
				(2.043)				(3.445)				(2.516)				(3.580)				(3.654)
educfyrs20				-0.797				-3.344				-1.644				2.768				0.0897
				(2.104)				(3.516)				(2.678)				(3.781)				(3.837)
educfyrs21				-0.616				-1.803				0.964				3.845				1.808
				(2.327)				(3.851)				(3.023)				(3.958)				(5.028)
educfyrs22				-2.370				-3.381				-2.085				1.826				
				(2.469)				(3.872)				(4.285)				(5.038)				
educfyrs23				-0.918				-6.334				-4.133								
				(3.202)				(4.859)				(4.286)								
height			-0.0147***	-0.0119***			-0.00442	-0.00325			-0.00495*	-0.00417*			-0.00512*	-0.00307			-0.00969***	-0.00706***
			(0.00196)	(0.00183)			(0.00375)	(0.00317)			(0.00296)	(0.00251)			(0.00269)	(0.00240)			(0.00252)	(0.00234)
bmi			0.124***	0.112***			0.158***	0.134***			0.170***	0.144***			0.174***	0.158***			0.173***	0.154***
			(0.00516)	(0.00479)			(0.0265)	(0.0239)			(0.0194)	(0.0165)			(0.0198)	(0.0190)			(0.0122)	(0.0109)
poor1			-1.150***	-0.787***			-1.570***	-1.075***			-1.516***	-1.015***			-1.283***	-0.902***			-1.057***	-0.688***
			(0.0702)	(0.0645)			(0.250)	(0.213)			(0.181)	(0.150)			(0.146)	(0.135)			(0.0958)	(0.0847)
yearc7	-3.203	-2.652***	8.315**	9.516***	-1.261	-10.60	1.048	3.724	3.629	-8.004***	0.268	2.970	3.387	-5.106***	3.115	4.152	-1.818	-2.935**	5.426	7.561*
	(16,704)	(1.015)	(3.753)	(3.631)	(4.429)	(7.369)	(6.566)	(6.163)	(4.169)	(2.416)	(4.984)	(4.579)	(4.240)	(1.800)	(4.853)	(4.748)	(14,432)	(1.460)	(4.260)	(4.054)
yearc11	-3.302	-2.488***	0.654	0.569	-1.675	-9.732	-2.163	-1.161	2.926	-8.121***	-3.238	-2.797	2.976	-4.486***	-1.516	-1.931	-2.603	-3.112***	-0.220	-0.208
	(16,704)	(0.641)	(1.704)	(1.657)	(4.304)	(6.242)	(3.399)	(3.254)	(4.098)	(1.950)	(2.369)	(2.224)	(4.154)	(1.234)	(2.230)	(2.228)	(14,432)	(1.036)	(1.893)	(1.823)
yearc12	-3.740	-2.741***	-1.959	-0.685	-3.375	-8.795**	-7.588*	-5.247	1.991	-6.531***	-7.015**	-4.756*	2.584	-3.480***	-5.008*	-3.842	-2.442	-2.245**	-3.382	-1.608
	(16,704)	(0.632)	(1.927)	(1.866)	(4.304)	(4.427)	(4.450)	(4.184)	(4.098)	(1.516)	(2.887)	(2.646)	(4.155)	(1.077)	(2.736)	(2.692)	(14,432)	(1.044)	(2.256)	(2.146)
yearc13	-3.114	-2.101***	0.479	1.415	-1.800	-4.502	-1.938	-0.846	2.341	-5.702***	-1.981	-0.560	3.147	-3.447***	-1.332	-0.451	-1.948	-1.965*	-0.0737	1.067
	(16,704)	(0.602)	(1.687)	(1.633)	(4.321)	(2.815)	(3.475)	(3.270)	(4.114)	(1.573)	(2.277)	(2.106)	(4.158)	(1.146)	(2.113)	(2.056)	(14,432)	(1.005)	(1.839)	(1.756)
yearc14	-3.683	-2.546***	0.188	0.892	-1.971	-3.924*	-3.491	-1.887	3.097	-3.684***	-2.285	-1.058	2.954	-1.742*	-1.003	-0.326	-2.160	-0.729	0.0456	0.818
	(16,704)	(0.516)	(1.341)	(1.297)	(4.271)	(2.171)	(2.824)	(2.628)	(4.082)	(1.203)	(1.769)	(1.627)	(4.140)	(0.946)	(1.623)	(1.568)	(14,432)	(0.910)	(1.438)	(1.375)
yearc15	-2.603	-1.540***	-0.211	0.671	-1.165	-4.958	-0.513	0.869	3.714	-3.914***	-3.279*	-1.704	4.195	-2.041**	-1.749	-1.020	-1.260	-1.322	-0.811	0.296
	(16,704)	(0.502)	(1.032)	(1.002)	(4.271)	(3.247)	(3.170)	(3.015)	(4.079)	(1.259)	(1.841)	(1.693)	(4.138)	(0.976)	(1.668)	(1.651)	(14,432)	(0.887)	(1.276)	(1.215)
yearc16	-2.691	-1.556***	0.810	1.415	-1.416	-4.742	-2.984	-1.838	3.773	-3.480***	-2.493	-1.228	3.936	-1.502	-0.919	-0.356	-1.525	-0.831	0.226	1.073
	(16,704)	(0.500)	(1.106)	(1.072)	(4.275)	(2.970)	(2.881)	(2.735)	(4.082)	(1.239)	(1.803)	(1.654)	(4.141)	(0.949)	(1.662)	(1.634)	(14,432)	(0.880)	(1.304)	(1.242)
yearc17	-2.550	-1.453***	0.402	0.753	-1.322	-4.107	-0.485	-0.0479	3.672	-3.084***	-1.469	-0.935	3.848	-1.740**	-0.665	-0.467	-1.444	-0.751	0.400	0.697
	(16,704)	(0.444)	(0.726)	(0.709)	(4.251)	(2.529)	(1.836)	(1.796)	(4.070)	(1.083)	(1.211)	(1.143)	(4.130)	(0.868)	(1.140)	(1.142)	(14,432)	(0.803)	(0.904)	(0.870)
yearc18	-2.448	-1.262***	0.232	0.876	-1.264	-3.260	-0.916	0.0495	3.820	-2.614**	-2.100	-1.001	3.927	-1.735**	-1.050	-0.472	-1.426	-0.841	-0.00762	0.752
	(16,704)	(0.441)	(0.749)	(0.730)	(4.253)	(2.084)	(2.116)	(2.028)	(4.073)	(1.083)	(1.383)	(1.281)	(4.131)	(0.879)	(1.255)	(1.246)	(14,432)	(0.820)	(0.939)	(0.899)
yearc41	-1.957	-0.961	-1.947	-2.843	-0.352	-4.566	-5.189	-5.505	4.835	-4.119**	-5.810	-6.246	5.204	-1.620	-4.228	-5.378	-0.240	-0.957	-2.738	-3.232
	(16,704)	(0.798)	(3.672)	(3.553)	(4.327)	(3.731)	(4.594)	(4.350)	(4.121)	(1.779)	(4.122)	(3.846)	(4.183)	(1.361)	(4.008)	(3.883)	(14,432)	(1.272)	(3.868)	(3.707)
yearc43	-1.858	-1.022**	-0.550	-0.392	-1.006	-6.738	-5.290*	-4.286*	4.793	-5.177***	-4.018*	-3.345*	5.203	-2.481**	-2.586	-2.644	-0.533	-1.397	-1.331	-0.829
	(16,704)	(0.515)	(1.468)	(1.424)	(4.243)	(4.472)	(2.700)	(2.582)	(4.069)	(1.573)	(2.104)	(1.956)	(4.131)	(1.143)	(2.042)	(2.027)	(14,432)	(0.904)	(1.722)	(1.648)
yearc44	-0.725	0.0743	6.111***	5.897***	0.955	-5.027	0.870	1.309	6.184	-3.882**	0.00216	0.811	6.207	-1.402	2.015	1.627	0.756	-0.237	3.711*	4.308**
	(16,704)	(0.455)	(1.450)	(1.408)	(4.233)	(4.622)	(4.483)	(4.223)	(4.061)	(1.534)	(2.810)	(2.564)	(4.122)	(1.072)	(2.744)	(2.749)	(14,432)	(0.853)	(2.068)	(1.962)
yearc45	-1.099	-0.233	0.968	1.270	0.198	-5.160	-1.305	-0.388	5.358	-3.767***	-2.143	-1.333	5.604	-1.399	-0.648	-0.565	0.236	-0.282	0.412	1.009
	(16,704)	(0.422)	(0.889)	(0.863)	(4.227)	(4.172)	(2.394)	(2.261)	(4.057)	(1.321)	(1.559)	(1.437)	(4.118)	(0.943)	(1.540)	(1.533)	(14,432)	(0.783)	(1.268)	(1.206)
yearc46	-0.817	0.0772	1.736**	2.032***	0.488	-4.761	-1.623	-0.687	6.032	-3.398**	-1.975	-1.180	5.998	-1.271	-0.693	-0.589	0.533	-0.152	0.784	1.477
	(16,704)	(0.399)	(0.718)	(0.711)	(4.227)	(4.087)	(2.595)	(2.463)	(4.055)	(1.362)	(1.654)	(1.524)	(4.117)	(0.972)	(1.590)	(1.601)	(14,432)	(0.778)	(1.230)	(1.167)
yearc47	-0.981	-0.0505	1.500**	1.461**	0.476	-4.287	-1.159	-0.735	5.751	-3.046**	-1.774	-1.332	5.821	-1.116	-0.457	-0.680	0.303	-0.252	0.799	1.048
	(16,704)	(0.385)	(0.630)	(0.619)	(4.225)	(3.740)	(2.336)	(2.253)	(4.054)	(1.226)	(1.457)	(1.354)	(4.116)	(0.905)	(1.340)	(1.360)	(14,432)	(0.756)	(0.995)	(0.954)
yearc48	-1.027	-0.0815	1.994***	2.034***	0.645	-3.931	-0.148	0.323	5.651	-2.808**	-0.781	-0.339	5.906	-0.877	0.536	0.420	0.422	0.0725	1.669*	2.034**
	(16,704)	(0.378)	(0.526)	(0.518)	(4.224)	(3.607)	(2.136)	(2.051)	(4.053)	(1.159)	(1.296)	(1.210)	(4.115)	(0.875)	(1.204)	(1.226)	(14,432)	(0.734)	(0.894)	(0.857)
yearc49	-0.743	0.247	1.416***	1.494***	1.007	-2.896	-0.463	0.139	5.965	-1.888*	-1.012	-0.538	6.076	-0.412	-0.0757	-0.113	0.655	0.397	0.961	1.345
	(16,704)	(0.371)	(0.484)	(0.478)	(4.223)	(3.141)	(2.045)	(1.953)	(4.053)	(1.053)	(1.196)	(1.116)	(4.115)	(0.829)	(1.165)	(1.186)	(14,432)	(0.723)	(0.853)	(0.820)
yearc50	-1.049	-0.0305	1.518***	1.466***	0.0677	-3.466	-0.306	-0.0360	5.456	-2.172**	-0.837	-0.641	5.666	-0.691	0.147	-0.0998	0.268	0.191	1.154	1.277*
	(16,704)	(0.364)	(0.440)	(0.439)	(4.223)	(2.887)	(1.757)	(1.704)	(4.053)	(1.012)	(1.053)	(0.996)	(4.115)	(0.808)	(1.039)	(1.066)	(14,432)	(0.706)	(0.761)	(0.736)
yearc51	-0.795	0.272	1.395***	1.364***	0.463	-2.504	-0.0114	0.231	5.722	-1.566	-0.679	-0.447	5.992	-0.0964	0.202	-0.00746	0.598	0.765	1.020	1.195
	(16,704)	(0.360)	(0.423)	(0.422)	(4.223)	(2.510)	(1.594)	(1.558)	(4.053)	(0.962)	(0.990)	(0.940)	(4.115)	(0.776)	(1.020)	(1.047)	(14,432)	(0.693)	(0.763)	(0.736)
yearc52	-0.872	0.209	1.357***	1.227***	0.391	-2.798	-0.0418	0.107	5.560	-1.621*	-0.645	-0.584	5.844	-0.0493	0.299	0.0118	0.428	0.686	1.108*	1.117*
	(16,704)	(0.357)	(0.394)	(0.392)	(4.223)	(2.653)	(1.535)	(1.489)	(4.052)	(0.945)	(0.922)	(0.872)	(4.114)	(0.755)	(0.886)	(0.903)	(14,432)	(0.687)	(0.671)	(0.649)
yearc53	-0.840	0.309	1.122***	0.994***	0.504	-1.890	0.0469	0.128	5.596	-0.978	-0.543	-0.548	5.839	0.189	0.238	-0.0540	0.421	0.863	1.047*	1.023*
	(16,704)	(0.355)	(0.372)	(0.370)	(4.222)	(2.141)	(1.390)	(1.366)	(4.052)	(0.878)	(0.820)	(0.786)	(4.114)	(0.737)	(0.797)	(0.817)	(14,432)	(0.682)	(0.615)	(0.597)
yearc54	-1.035	0.132	0.954***	0.848**	0.330	-1.826	-0.158	-0.0510	5.438	-1.095	-0.592	-0.563	5.678	0.0672	0.214	-0.0304	0.269	0.756	0.961	0.937
	(16,704)	(0.354)	(0.360)	(0.358)	(4.222)	(1.993)	(1.310)	(1.281)	(4.052)	(0.873)	(0.775)	(0.736)	(4.114)	(0.734)	(0.754)	(0.764)	(14,432)	(0.680)	(0.594)	(0.575)
yearc55	-0.888	0.296	0.940***	0.843**	0.460	-1.533	0.119	0.150	5.547	-0.740	-0.404	-0.425	5.783	0.314	0.288	0.0372	0.379	0.973	1.085*	1.038*
	(16,704)	(0.353)	(0.345)	(0.342)	(4.222)	(1.895)	(1.164)	(1.146)	(4.052)	(0.853)	(0.704)	(0.675)	(4.114)	(0.727)	(0.690)	(0.701)	(14,432)	(0.678)	(0.562)	(0.545)
yearc56	-0.936	0.296	0.881***	0.722**	0.352	-1.233	0.181	0.178	5.478	-0.315	-0.186	-0.332	5.718	0.534	0.379	0.0721	0.277	1.024	0.972*	0.827
	(16,704)	(0.353)	(0.336)	(0.332)	(4.222)	(1.665)	(1.073)	(1.061)	(4.052)	(0.829)	(0.628)	(0.607)	(4.114)	(0.720)	(0.622)	(0.628)	(14,432)	(0.678)	(0.537)	(0.520)
yearc57	-0.734	0.522	0.924***	0.786**	0.638	-0.607	0.409	0.376	5.654	-0.00620	-0.150	-0.264	5.851	0.767	0.438	0.141	0.392	1.258*	1.050**	0.907*
	(16,704)	(0.353)	(0.333)	(0.329)	(4.222)	(1.492)	(1.038)	(1.024)	(4.052)	(0.826)	(0.626)	(0.604)	(4.114)	(0.719)	(0.618)	(0.623)	(14,432)	(0.679)	(0.530)	(0.514)
yearc58	-0.828	0.472	0.902***	0.725**	0.372	-0.417	0.324	0.235	5.485	0.218	-0.103	-0.309	5.738	0.872	0.553	0.220	0.380	1.367**	1.234**	1.024**
	(16,704)	(0.355)	(0.327)	(0.322)	(4.222)	(1.301)	(0.919)	(0.916)	(4.052)	(0.826)	(0.572)	(0.555)	(4.114)	(0.724)	(0.577)	(0.579)	(14,432)	(0.682)	(0.519)	(0.502)
yearc59	-0.854	0.480	0.685**	0.506	0.464	-0.229	0.401	0.319	5.540	0.429	-0.0391	-0.263	5.665	0.890	0.410	0.0798	0.210	1.276*	0.969*	0.750
	(16,704)	(0.356)	(0.324)	(0.318)	(4.222)	(1.268)	(0.881)	(0.881)	(4.052)	(0.829)	(0.547)	(0.529)	(4.114)	(0.727)	(0.550)	(0.549)	(14,432)	(0.685)	(0.511)	(0.494)
yearc60	-1.016	0.332	0.490	0.331	0.222	-0.335	0.215	0.149	5.317	0.230	-0.164	-0.390	5.525	0.791	0.309	-0.00901	-0.00820	1.052	0.842*	0.601
	(16,704)	(0.356)	(0.321)	(0.315)	(4.222)	(1.226)	(0.823)	(0.826)	(4.052)	(0.830)	(0.529)	(0.512)	(4.114)	(0.728)	(0.534)	(0.531)	(14,432)	(0.684)	(0.506)	(0.488)
yearc61	-1.097	0.269	0.379	0.177	0.278	-0.0847	0.443	0.248	5.299	0.462	-0.109	-0.376	5.416	0.761	0.282	-0.0473	-0.0446	1.079	0.759	0.478
	(16,704)	(0.357)	(0.320)	(0.312)	(4.222)	(1.180)	(0.745)	(0.747)	(4.052)	(0.840)	(0.501)	(0.482)	(4.114)	(0.732)	(0.515)	(0.507)	(14,432)	(0.686)	(0.500)	(0.481)
yearc62	-1.136	0.270	0.311	0.135	0.121	-0.117	0.482	0.315	5.175	0.566	0.0463	-0.241	5.355	0.829	0.367	0.0658	-0.103	1.126	0.820	0.550
	(16,704)	(0.360)	(0.320)	(0.311)	(4.222)	(1.158)	(0.692)	(0.690)	(4.052)	(0.853)	(0.485)	(0.461)	(4.114)	(0.739)	(0.502)	(0.490)	(14,432)	(0.691)	(0.499)	(0.478)
yearc63	-1.192	0.253	0.267	0.0924	0.0349	0.0719	0.454	0.286	5.132	0.679	0.0581	-0.245	5.272	0.819	0.402	0.107	-0.251	1.037	0.822*	0.537
	(16,704)	(0.363)	(0.321)	(0.311)	(4.222)	(1.137)	(0.668)	(0.664)	(4.052)	(0.865)	(0.481)	(0.456)	(4.114)	(0.745)	(0.499)	(0.485)	(14,432)	(0.694)	(0.500)	(0.478)
yearc64	-1.175	0.267	0.0477	-0.112	0.0813	0.250	0.352	0.166	5.090	0.722	-0.106	-0.412	5.233	0.873	0.271	-3.87e-05	-0.233	1.074	0.728	0.450
	(16,704)	(0.363)	(0.322)	(0.312)	(4.222)	(1.139)	(0.648)	(0.642)	(4.052)	(0.872)	(0.481)	(0.453)	(4.114)	(0.752)	(0.499)	(0.481)	(14,432)	(0.695)	(0.502)	(0.479)
yearc65	-1.306	0.129	-0.196	-0.351	0.0814	0.427	0.277	0.0700	5.035	0.658	-0.270	-0.581	5.173	0.726	0.0921	-0.169	-0.254	1.037	0.598	0.324
	(16,704)	(0.363)	(0.322)	(0.312)	(4.223)	(1.156)	(0.627)	(0.618)	(4.052)	(0.872)	(0.482)	(0.452)	(4.114)	(0.746)	(0.499)	(0.482)	(14,432)	(0.695)	(0.503)	(0.479)
yearc66	-1.235	0.244	-0.190	-0.326	0.171	0.926	0.249	0.0456	5.151	1.213	-0.116	-0.445	5.271	1.131	0.134	-0.126	-0.200	1.275*	0.602	0.339
	(16,704)	(0.367)	(0.326)	(0.315)	(4.223)	(1.246)	(0.617)	(0.600)	(4.052)	(0.918)	(0.491)	(0.456)	(4.114)	(0.775)	(0.507)	(0.487)	(14,432)	(0.707)	(0.510)	(0.485)
yearc67	-1.009	0.526	-0.0693	-0.221	0.376	1.551	0.629	0.375	5.322	1.842*	0.222	-0.149	5.460	1.527*	0.425	0.174	-0.0409	1.596**	0.820	0.499
	(16,704)	(0.373)	(0.333)	(0.320)	(4.223)	(1.398)	(0.619)	(0.593)	(4.052)	(0.977)	(0.513)	(0.468)	(4.114)	(0.798)	(0.521)	(0.499)	(14,432)	(0.718)	(0.520)	(0.492)
yearc68	-1.147	0.381	-0.123	-0.271	0.147	1.281	0.550	0.285	5.176	1.708*	0.201	-0.191	5.331	1.444*	0.476	0.205	-0.170	1.511**	0.838	0.529
	(16,704)	(0.372)	(0.335)	(0.322)	(4.223)	(1.382)	(0.623)	(0.594)	(4.053)	(0.979)	(0.524)	(0.476)	(4.114)	(0.804)	(0.535)	(0.512)	(14,432)	(0.721)	(0.526)	(0.497)
yearc69	-1.083	0.509	-0.238	-0.372	0.144	1.684	0.457	0.179	5.235	2.106**	0.163	-0.229	5.432	1.682**	0.463	0.188	-0.121	1.628**	0.840	0.523
	(16,704)	(0.381)	(0.340)	(0.327)	(4.223)	(1.572)	(0.627)	(0.597)	(4.053)	(1.031)	(0.532)	(0.483)	(4.115)	(0.824)	(0.537)	(0.514)	(14,432)	(0.728)	(0.528)	(0.500)
yearc70	-1.102	0.470	-0.329	-0.432	0.145	1.565	0.412	0.178	5.241	2.007*	0.139	-0.194	5.362	1.661**	0.410	0.173	-0.332	1.469**	0.742	0.397
	(16,704)	(0.382)	(0.341)	(0.328)	(4.225)	(1.526)	(0.631)	(0.603)	(4.054)	(1.025)	(0.534)	(0.485)	(4.116)	(0.839)	(0.552)	(0.528)	(14,432)	(0.741)	(0.542)	(0.512)
cont_name1	-1.156***	-1.534***	-0.177**	0.126		-5.061*	-0.945**	-0.494	-1.109***	-4.202***	-0.820***	-0.380*	-1.074***	-2.568***	-0.542***	-0.254	-1.043***	-1.825***	-0.329***	-0.0393
	(0.0232)	(0.132)	(0.0857)	(0.0850)		(2.810)	(0.475)	(0.444)	(0.0334)	(0.814)	(0.251)	(0.230)	(0.0324)	(0.429)	(0.167)	(0.178)	(0.0340)	(0.187)	(0.0673)	(0.0670)
cont_name2	-0.754***	-0.646***	-0.478**	-0.765***	0.368***	-0.595***	0.752	0.201	-0.881***	-0.416***	0.974*	0.331	-0.836***	-0.323**	0.765	0.355	-0.744***	-0.159	0.534	-0.0127
	(0.0237)	(0.0443)	(0.195)	(0.174)	(0.0369)	(0.213)	(0.750)	(0.652)	(0.0336)	(0.134)	(0.526)	(0.431)	(0.0339)	(0.153)	(0.545)	(0.501)	(0.0369)	(0.144)	(0.373)	(0.324)
age38	-1.305				-0.576				-0.946				-4.035				-2.497			
	(4.162)				(29,660)				(18,382)				(22,618)				(4.375)			
yearc1	2.025	2.829			3.635	-1.536			8.308*	-0.278			8.036*	2.487			5.273	5.085		
	(16,704)	(2.403)			(4.841)	(5.718)			(4.701)	(4.039)			(4.775)	(3.252)			(14,432)	(3.697)		
yearc2	-6.600	-6.124			-5.104	-13.37				-11.57*				-7.886			-5.385	-6.115		
	(16,704)	(4.063)			(5.831)	(9.290)				(6.806)				(5.473)			(14,432)	(5.110)		
yearc3	-5.398	-4.640**			3.702	-3.757			1.088	-8.132**			1.221	-5.152*			-4.320	-3.501		
	(16,704)	(2.061)			(5.826)	(8.900)			(4.532)	(3.532)			(4.601)	(2.809)			(14,432)	(2.625)		
yearc4	-6.253	-5.288							0.260	-7.106			0.450	-4.767			-4.948	-3.147		
	(16,704)	(4.048)							(5.723)	(6.618)			(5.810)	(5.404)			(14,432)	(5.095)		
yearc5	-3.208	-2.452			-0.0157	-9.115			4.897	-6.750**			4.771	-3.342			-0.830	-1.519		
	(16,704)	(1.573)			(4.529)	(7.385)			(4.375)	(3.237)			(4.442)	(2.456)			(14,432)	(2.192)		
yearc6	-2.929	-1.946			-2.235	-6.631			3.410	-3.970			3.576	-2.236			-2.690	-1.860		
	(16,704)	(1.473)			(4.487)	(4.341)			(4.297)	(2.513)			(4.397)	(2.161)			(14,432)	(2.171)		
yearc8	-3.830	-2.865***			-3.256	-6.913**			2.694	-4.033**			2.134	-3.333**			-2.406	-1.177		
	(16,704)	(0.993)			(4.366)	(3.525)			(4.169)	(1.821)			(4.240)	(1.523)			(14,432)	(1.516)		
yearc9	-3.002	-2.179**			-3.839	-12.08*			3.001	-6.787***			4.024	-2.816*			-1.914	-1.854		
	(16,704)	(0.956)			(4.454)	(6.664)			(4.217)	(2.354)			(4.215)	(1.480)			(14,432)	(1.375)		
yearc10	-3.806	-2.959***			-4.093	-7.309**			1.600	-6.887***			2.873	-3.502**			-1.938	-2.791**		
	(16,704)	(0.803)			(4.378)	(3.325)			(4.184)	(2.041)			(4.202)	(1.374)			(14,432)	(1.298)		
yearc19	-0.247	0.566			0.811	-4.476			7.162	-2.066			7.214	0.906			1.126	0.826		
	(16,704)	(2.355)			(5.823)	(7.995)			(4.957)	(4.800)			(5.032)	(3.864)			(14,432)	(2.993)		
yearc37	-1.495	-0.863				-8.360			4.687	-5.865			4.119	-2.796			-1.393	-1.968		
	(16,704)	(4.237)				(9.586)			(5.885)	(7.093)			(5.970)	(5.718)			(14,432)	(5.370)		
yearc38	-4.247	-3.509			-0.914	-12.09			2.329	-8.458*			2.022	-5.627			-3.622	-4.488		
	(16,704)	(2.940)			(5.851)	(10.86)			(4.995)	(5.008)			(5.074)	(4.013)			(14,432)	(3.739)		
yearc39	-0.894	-0.324			0.752	-7.349			5.678	-5.939**			5.444	-2.697			-0.115	-1.363		
	(16,704)	(1.507)			(4.458)	(6.594)			(4.295)	(2.977)			(4.361)	(2.235)			(14,432)	(1.995)		
yearc40	-0.931	-0.0986			-0.621	-7.596			5.695	-4.664**			5.744	-1.786			-0.189	-1.057		
	(16,704)	(0.998)			(4.272)	(5.601)			(4.164)	(2.208)			(4.231)	(1.656)			(14,432)	(1.490)		
yearc42	-1.532	-0.712			-0.450	-5.619			4.801	-4.581***			5.134	-1.798*			-0.180	-0.680		
	(16,704)	(0.531)			(4.230)	(4.095)			(4.070)	(1.477)			(4.131)	(1.027)			(14,432)	(0.892)		
yearc71	-1.182				-0.0706				5.466				5.136				-0.638			
	(16,704)				(4.273)				(4.084)				(4.150)				(14,432)			
educfyrs			0.283***				0.433***				0.454***				0.436***				0.432***	
			(0.0225)				(0.0843)				(0.0506)				(0.0460)				(0.0284)	
cont_name3					1.235***															
					(0.0422)															
Constant	12.56	7.801*	8.902**	9.550**	10.89	-8.410	0.760	6.450	7.317	-9.048	0.297	4.615	9.597	-5.251	1.108	-0.0791	12.52	-5.899	2.663	6.445
	(16,704)	(4.124)	(3.871)	(4.169)	(29,660)	(16.19)	(5.954)	(5.869)	(18,382)	(8.585)	(5.085)	(4.887)	(22,618)	(7.070)	(5.240)	(5.817)	(14,432)	(6.220)	(4.761)	(5.683)
																				
Observations	223,412	223,412	121,570	120,085	71,009	71,009	39,933	39,442	114,759	114,759	64,225	63,539	126,599	126,599	70,101	69,371	119,152	119,152	65,662	64,955
R-squared	0.156	0.131	0.313	0.358	0.171	-1.433	0.328	0.410	0.156	-1.215	0.282	0.378	0.123	-0.494	0.290	0.351	0.090	-0.348	0.269	0.331
Standard errors in parentheses																				
*** p<0.01, ** p<0.05, * p<0.1																				
