	(1)	(2)	(3)	(4)	(5)	(6)	(7)	(8)	(9)	(10)	(11)	(12)	(13)	(14)	(15)
VARIABLES	eduyears	eduyears	eduyears	eduyears	eduyears	eduyears	eduyears	eduyears	eduyears	eduyears	eduyears	eduyears	eduyears	eduyears	eduyears
															
fert	-0.456***	-0.340***	-0.639***	-0.565***	1.409	0.239	-0.567***	1.017**	0.402	-0.523***	0.699**	0.0538	-0.450***	0.376	-0.257
	(0.00324)	(0.0823)	(0.107)	(0.00694)	(1.196)	(0.522)	(0.00564)	(0.413)	(0.373)	(0.00561)	(0.346)	(0.318)	(0.00613)	(0.255)	(0.257)
age18	-1.006	0.758	-0.161	-0.834	5.811	-0.140	-1.278	4.528	-0.254	-3.725	3.783	-0.153	-2.029	2.998	-0.415
	(1.138)	(3.681)	(3.495)	(27,388)	(6.644)	(3.551)	(16,952)	(4.997)	(3.675)	(20,740)	(4.522)	(3.561)	(1.284)	(4.107)	(3.540)
age19	-0.674	1.087	0.160	-0.359	6.075	0.301	-0.899	4.754	0.0588	-3.363	4.026	0.186	-1.694	3.250	-0.0652
	(1.138)	(3.681)	(3.495)	(27,388)	(6.571)	(3.546)	(16,952)	(4.987)	(3.674)	(20,740)	(4.515)	(3.560)	(1.284)	(4.103)	(3.539)
age20	-0.159	1.610	0.529	0.154	6.473	0.740	-0.353	5.233	0.510	-2.859	4.466	0.600	-1.171	3.727	0.403
	(1.138)	(3.681)	(3.495)	(27,388)	(6.532)	(3.548)	(16,952)	(4.983)	(3.675)	(20,740)	(4.511)	(3.560)	(1.284)	(4.100)	(3.539)
age21	-0.168	1.601	0.547	0.174	6.321	0.776	-0.337	5.131	0.585	-2.860	4.410	0.660	-1.228	3.636	0.368
	(1.138)	(3.681)	(3.495)	(27,388)	(6.475)	(3.548)	(16,952)	(4.976)	(3.675)	(20,740)	(4.508)	(3.561)	(1.284)	(4.099)	(3.539)
age22	0.427	2.208	0.918	0.861	7.113	1.279	0.285	5.827	1.027	-2.223	5.030	1.091	-0.610	4.229	0.830
	(1.138)	(3.682)	(3.495)	(27,388)	(6.510)	(3.553)	(16,952)	(4.980)	(3.675)	(20,740)	(4.507)	(3.560)	(1.284)	(4.098)	(3.539)
age23	0.361	2.141	0.877	0.818	6.885	1.271	0.259	5.671	1.068	-2.288	4.893	1.090	-0.672	4.137	0.783
	(1.138)	(3.682)	(3.495)	(27,388)	(6.448)	(3.552)	(16,952)	(4.973)	(3.676)	(20,740)	(4.503)	(3.561)	(1.284)	(4.096)	(3.539)
age24	0.626	2.416	0.974	1.198	7.407	1.595	0.509	5.951	1.243	-2.044	5.146	1.232	-0.457	4.343	0.910
	(1.138)	(3.682)	(3.495)	(27,388)	(6.495)	(3.563)	(16,952)	(4.974)	(3.678)	(20,740)	(4.503)	(3.561)	(1.284)	(4.096)	(3.540)
age25	0.800	2.594	1.005	1.265	7.294	1.500	0.770	6.073	1.416	-1.832	5.335	1.334	-0.247	4.567	1.033
	(1.138)	(3.682)	(3.495)	(27,388)	(6.436)	(3.567)	(16,952)	(4.966)	(3.678)	(20,740)	(4.502)	(3.563)	(1.285)	(4.097)	(3.540)
age26	0.420	2.220	0.761	0.836	6.644	1.388	0.307	5.586	1.296	-2.159	4.972	1.271	-0.584	4.187	0.885
	(1.138)	(3.682)	(3.495)	(27,388)	(6.365)	(3.571)	(16,952)	(4.965)	(3.682)	(20,740)	(4.500)	(3.564)	(1.285)	(4.095)	(3.540)
age27	0.742	2.546	0.916	1.363	7.233	1.863	0.761	6.024	1.584	-1.769	5.348	1.520	-0.220	4.547	1.053
	(1.138)	(3.683)	(3.495)	(27,388)	(6.385)	(3.574)	(16,952)	(4.964)	(3.683)	(20,740)	(4.499)	(3.564)	(1.285)	(4.095)	(3.541)
age28	0.717	2.526	0.884	1.297	7.124	2.023	0.760	5.966	1.717	-1.785	5.311	1.493	-0.177	4.622	1.097
	(1.138)	(3.683)	(3.496)	(27,388)	(6.371)	(3.597)	(16,952)	(4.961)	(3.688)	(20,740)	(4.498)	(3.567)	(1.285)	(4.096)	(3.543)
age29	0.658	2.468	0.795	1.308	6.986	2.075	0.656	5.795	1.772	-1.860	5.210	1.530	-0.301	4.449	1.038
	(1.139)	(3.683)	(3.496)	(27,388)	(6.324)	(3.597)	(16,952)	(4.957)	(3.690)	(20,740)	(4.497)	(3.568)	(1.286)	(4.094)	(3.543)
age30	0.490	2.311	0.531	1.278	6.958	2.005	0.612	5.783	1.807	-2.014	5.140	1.541	-0.544	4.302	0.795
	(1.140)	(3.684)	(3.498)	(27,388)	(6.326)	(3.626)	(16,952)	(4.959)	(3.702)	(20,740)	(4.502)	(3.580)	(1.288)	(4.099)	(3.549)
age31	-0.136	1.688	-0.0984	0.175	5.802	1.302	-0.140	4.909	1.252	-2.468	4.601	1.165	-0.819	3.990	0.676
	(1.139)	(3.684)	(3.500)	(27,388)	(6.309)	(3.659)	(16,952)	(4.953)	(3.710)	(20,740)	(4.497)	(3.584)	(1.287)	(4.097)	(3.552)
age32	0.634	2.449	0.668	1.251	6.260	1.991	0.677	5.606	1.744	-1.867	5.183	1.540	-0.308	4.537	0.880
	(1.145)	(3.686)	(3.502)	(27,388)	(6.130)	(3.606)	(16,952)	(4.950)	(3.704)	(20,740)	(4.499)	(3.585)	(1.294)	(4.102)	(3.556)
age33	-0.123	1.697	-0.0910	0.468	6.097	1.610	0.0422	4.975	1.604	-2.506	4.460	1.143	-0.857	3.910	0.545
	(1.147)	(3.687)	(3.508)	(27,388)	(6.316)	(3.681)	(16,952)	(4.952)	(3.726)	(20,740)	(4.497)	(3.597)	(1.297)	(4.100)	(3.564)
age34	-0.747	1.061	-0.452	0.00723	4.464	1.359	-0.627	3.916	1.315	-3.133	3.411	0.900	-1.669	2.915	0.141
	(1.165)	(3.692)	(3.518)	(27,388)	(5.994)	(3.672)	(16,952)	(4.940)	(3.748)	(20,740)	(4.484)	(3.604)	(1.318)	(4.100)	(3.577)
age35	-0.0103	1.879	-1.316	0.515	6.613	1.147	0.226	5.925	0.884	-1.980	5.313	0.168	-0.318	4.757	-0.214
	(1.201)	(3.710)	(3.556)	(27,388)	(6.497)	(3.798)	(16,952)	(5.025)	(3.798)	(20,740)	(4.545)	(3.657)	(1.370)	(4.146)	(3.636)
age36	-1.518	0.302	-1.287	-0.369	4.901	1.630	-1.333	3.909	1.777	-3.617	3.358	1.051	-1.986	2.850	0.738
	(1.242)	(3.723)	(3.562)	(27,388)	(6.257)	(3.891)	(16,952)	(5.016)	(3.873)	(20,740)	(4.545)	(3.731)	(1.407)	(4.151)	(3.697)
age38	-1.533			-0.322			-1.132			-4.052			-2.876		
	(3.838)			(27,388)			(16,952)			(20,740)			(3.987)		
yearc1	3.867	3.582		4.746	0.206		8.348*	1.443		8.135*	2.795		6.809	5.351*	
	(15,403)	(2.194)		(4.471)	(4.092)		(4.335)	(2.974)		(4.379)	(2.687)		(13,176)	(2.976)	
yearc2	-4.817	-5.254		-3.950	-10.80			-8.915*			-7.035		-3.890	-5.684	
	(15,403)	(3.706)		(5.384)	(6.671)			(5.001)			(4.507)		(13,176)	(4.110)	
yearc3	-3.512	-3.815**		5.024	-1.020		1.123	-6.202**		1.219	-4.710**		-2.765	-3.708*	
	(15,403)	(1.882)		(5.379)	(6.400)		(4.179)	(2.590)		(4.219)	(2.322)		(13,176)	(2.116)	
yearc4	-4.111	-4.322					0.564	-5.571		0.688	-4.409		-3.151	-3.554	
	(15,403)	(3.692)					(5.278)	(4.893)		(5.328)	(4.455)		(13,176)	(4.093)	
yearc5	-1.157	-1.461		1.360	-5.997		4.992	-3.902*		4.827	-2.324		0.777	-0.966	
	(15,403)	(1.439)		(4.183)	(4.724)		(4.035)	(2.318)		(4.074)	(2.014)		(13,176)	(1.770)	
yearc6	-0.774	-0.977		-0.574	-4.414		3.808	-2.371		3.842	-1.708		-0.948	-1.902	
	(15,403)	(1.348)		(4.145)	(2.974)		(3.963)	(1.859)		(4.032)	(1.792)		(13,176)	(1.752)	
yearc7	-1.236	-1.632*	7.419**	0.0683	-7.560	-0.928	3.753	-5.199***	-2.205	3.383	-4.102***	1.542	-0.297	-2.309*	4.434
	(15,403)	(0.934)	(3.565)	(4.091)	(4.695)	(6.279)	(3.845)	(1.695)	(4.945)	(3.888)	(1.468)	(4.379)	(13,176)	(1.187)	(3.934)
yearc8	-1.623	-1.840**		-1.486	-4.851**		3.162	-2.700**		2.451	-2.925**		-0.626	-1.393	
	(15,403)	(0.914)		(4.033)	(2.420)		(3.844)	(1.360)		(3.888)	(1.274)		(13,176)	(1.226)	
yearc9	-0.818	-1.097		-2.229	-9.008**		3.368	-4.420***		4.288	-2.035*		-0.166	-1.548	
	(15,403)	(0.881)		(4.114)	(4.283)		(3.889)	(1.704)		(3.865)	(1.236)		(13,176)	(1.122)	
yearc10	-1.570	-1.843**		-2.274	-5.391**		2.060	-4.955***		3.215	-2.818**		-0.207	-2.087**	
	(15,403)	(0.743)		(4.044)	(2.360)		(3.858)	(1.502)		(3.853)	(1.157)		(13,176)	(1.061)	
yearc11	-1.005	-1.292**	0.355	0.0431	-6.667*	-3.067	3.356	-5.282***	-4.394*	3.334	-3.461***	-2.258	-0.756	-2.463***	-0.865
	(15,403)	(0.599)	(1.627)	(3.976)	(3.956)	(3.303)	(3.779)	(1.363)	(2.379)	(3.809)	(1.032)	(2.032)	(13,176)	(0.857)	(1.762)
yearc12	-1.339	-1.550***	-2.236	-1.452	-6.255**	-8.663**	2.601	-4.472***	-8.389***	3.082	-2.764***	-5.807**	-0.502	-1.848**	-3.932*
	(15,403)	(0.589)	(1.840)	(3.976)	(2.914)	(4.286)	(3.779)	(1.116)	(2.906)	(3.810)	(0.922)	(2.455)	(13,176)	(0.862)	(2.085)
yearc13	-0.731	-0.940*	0.362	0.213	-2.634	-2.599	2.957	-3.862***	-2.768	3.581	-2.662***	-1.869	-0.0475	-1.518*	-0.594
	(15,403)	(0.563)	(1.609)	(3.992)	(2.050)	(3.375)	(3.794)	(1.173)	(2.254)	(3.813)	(0.979)	(1.937)	(13,176)	(0.834)	(1.715)
yearc14	-1.177	-1.333***	0.0508	0.147	-2.166	-4.346	3.871	-2.177**	-3.080*	3.618	-1.311*	-1.540	-0.0551	-0.767	-0.593
	(15,403)	(0.486)	(1.282)	(3.945)	(1.630)	(2.784)	(3.765)	(0.920)	(1.782)	(3.796)	(0.793)	(1.515)	(13,176)	(0.738)	(1.352)
yearc15	-0.174	-0.370	-0.378	0.777	-3.073	-1.401	4.379	-2.305**	-4.304**	4.705	-1.348	-2.415	0.688	-0.836	-1.400
	(15,403)	(0.475)	(0.999)	(3.945)	(2.323)	(3.120)	(3.762)	(0.965)	(1.899)	(3.794)	(0.851)	(1.519)	(13,176)	(0.745)	(1.195)
yearc16	-0.155	-0.322	0.683	0.650	-2.854	-3.651	4.552	-1.912**	-3.400*	4.604	-0.913	-1.533	0.578	-0.561	-0.328
	(15,403)	(0.472)	(1.067)	(3.949)	(2.166)	(2.844)	(3.764)	(0.955)	(1.855)	(3.797)	(0.820)	(1.522)	(13,176)	(0.731)	(1.227)
yearc17	-0.134	-0.326	0.238	0.662	-2.516	-1.230	4.365	-1.865**	-2.366*	4.409	-1.260*	-1.296	0.571	-0.588	-0.294
	(15,403)	(0.424)	(0.712)	(3.927)	(1.917)	(1.897)	(3.753)	(0.853)	(1.283)	(3.787)	(0.764)	(1.075)	(13,176)	(0.672)	(0.866)
yearc18	0.0594	-0.0950	0.0970	0.834	-1.802	-1.670	4.600	-1.441*	-3.031**	4.566	-1.151	-1.662	0.682	-0.536	-0.618
	(15,403)	(0.419)	(0.738)	(3.929)	(1.673)	(2.155)	(3.756)	(0.851)	(1.460)	(3.788)	(0.773)	(1.171)	(13,176)	(0.686)	(0.899)
yearc19	2.138	1.822		2.761	-2.326		7.801*	-0.000835		7.808*	1.642		3.170	1.485	
	(15,403)	(2.152)		(5.376)	(6.113)		(4.571)	(3.556)		(4.615)	(3.197)		(13,176)	(2.415)	
yearc37	-0.482	-0.945			-8.676		3.897	-5.450		3.419	-3.680		-0.414	-2.492	
	(15,403)	(3.867)			(7.546)		(5.429)	(5.277)		(5.476)	(4.736)		(13,176)	(4.324)	
yearc38	-4.215	-4.518*		-2.282	-10.81		0.356	-7.759**		0.0448	-6.442*		-4.106	-5.732*	
	(15,403)	(2.681)		(5.400)	(7.330)		(4.609)	(3.652)		(4.655)	(3.287)		(13,176)	(3.001)	
yearc39	-0.881	-1.292		-0.0839	-7.147		3.678	-5.269**		3.477	-3.637**		-0.632	-2.650*	
	(15,403)	(1.380)		(4.114)	(4.447)		(3.963)	(2.124)		(4.001)	(1.819)		(13,176)	(1.604)	
yearc40	-0.0348	-0.336		-0.266	-6.439*		4.532	-3.864**		4.721	-2.168		0.259	-1.678	
	(15,403)	(0.917)		(3.942)	(3.755)		(3.842)	(1.605)		(3.882)	(1.374)		(13,176)	(1.211)	
yearc41	-1.451	-1.739**	-2.719	-0.543	-5.649*	-7.293	3.256	-4.966***	-8.043**	3.646	-3.198***	-5.999	-0.249	-2.319**	-4.418
	(15,403)	(0.740)	(3.487)	(3.993)	(3.134)	(4.585)	(3.802)	(1.416)	(4.065)	(3.838)	(1.194)	(3.757)	(13,176)	(1.057)	(3.619)
yearc42	-1.126	-1.464***		-0.939	-6.458**		3.118	-4.997***		3.517	-3.217***		-0.313	-2.195***	
	(15,403)	(0.504)		(3.903)	(3.156)		(3.756)	(1.141)		(3.790)	(0.912)		(13,176)	(0.754)	
yearc43	-1.521	-1.875***	-0.423	-1.368	-7.754**	-5.709**	3.132	-5.619***	-4.865**	3.538	-3.880***	-3.216*	-0.658	-2.796***	-2.020
	(15,403)	(0.494)	(1.402)	(3.915)	(3.641)	(2.782)	(3.754)	(1.254)	(2.131)	(3.790)	(1.030)	(1.840)	(13,176)	(0.775)	(1.595)
yearc44	-0.483	-0.837*	5.353***	0.400	-5.883*	-1.303	4.334	-4.284***	-2.612	4.393	-2.842***	0.144	0.432	-1.717**	2.234
	(15,403)	(0.440)	(1.419)	(3.906)	(3.561)	(4.679)	(3.747)	(1.186)	(3.027)	(3.782)	(0.951)	(2.486)	(13,176)	(0.729)	(1.949)
yearc45	-0.763	-1.102***	0.316	-0.285	-6.397*	-3.317	3.737	-4.449***	-4.287**	3.980	-2.901***	-2.318	0.101	-1.848***	-1.196
	(15,403)	(0.413)	(0.886)	(3.901)	(3.453)	(2.750)	(3.744)	(1.079)	(1.796)	(3.779)	(0.865)	(1.505)	(13,176)	(0.678)	(1.246)
yearc46	-0.636	-0.964**	1.411*	-0.0453	-6.025*	-3.125	4.169	-4.266***	-3.611**	4.138	-2.969***	-1.839	0.152	-1.887***	-0.250
	(15,403)	(0.392)	(0.723)	(3.901)	(3.369)	(2.851)	(3.742)	(1.118)	(1.839)	(3.777)	(0.897)	(1.469)	(13,176)	(0.678)	(1.174)
yearc47	-0.799	-1.106***	0.823	-0.150	-5.637*	-2.979	3.885	-4.066***	-3.869**	3.958	-2.867***	-2.034	-0.0763	-2.026***	-0.689
	(15,403)	(0.377)	(0.650)	(3.899)	(3.079)	(2.665)	(3.741)	(1.011)	(1.696)	(3.776)	(0.835)	(1.302)	(13,176)	(0.656)	(0.987)
yearc48	-0.697	-1.006***	1.533***	0.157	-5.476*	-1.965	3.978	-3.871***	-2.649*	4.204	-2.586***	-0.832	0.219	-1.663***	0.386
	(15,403)	(0.373)	(0.558)	(3.898)	(3.161)	(2.505)	(3.740)	(0.986)	(1.545)	(3.776)	(0.824)	(1.192)	(13,176)	(0.642)	(0.901)
yearc49	-0.502	-0.794**	1.022**	0.487	-4.572	-2.049	4.196	-3.322***	-2.804*	4.271	-2.337***	-1.455	0.348	-1.482**	-0.284
	(15,403)	(0.364)	(0.516)	(3.898)	(2.829)	(2.386)	(3.740)	(0.919)	(1.434)	(3.776)	(0.788)	(1.157)	(13,176)	(0.631)	(0.861)
yearc50	-0.691	-0.971***	1.000**	-0.256	-5.078*	-2.201	3.860	-3.449***	-2.743**	4.036	-2.452***	-1.289	0.138	-1.588***	-0.204
	(15,403)	(0.357)	(0.485)	(3.897)	(2.692)	(2.182)	(3.740)	(0.877)	(1.320)	(3.775)	(0.764)	(1.069)	(13,176)	(0.614)	(0.791)
yearc51	-0.509	-0.768**	0.901*	0.134	-4.248*	-1.677	4.047	-3.104***	-2.378*	4.249	-2.083***	-1.165	0.354	-1.255**	-0.257
	(15,403)	(0.351)	(0.460)	(3.897)	(2.442)	(1.977)	(3.740)	(0.847)	(1.224)	(3.775)	(0.736)	(1.037)	(13,176)	(0.598)	(0.781)
yearc52	-0.502	-0.755**	0.888**	0.0736	-4.501*	-1.691	3.997	-3.048***	-2.297**	4.195	-1.977***	-1.035	0.266	-1.281**	-0.206
	(15,403)	(0.347)	(0.430)	(3.897)	(2.549)	(1.905)	(3.739)	(0.826)	(1.144)	(3.775)	(0.710)	(0.921)	(13,176)	(0.589)	(0.695)
yearc53	-0.401	-0.630*	0.739*	0.282	-3.856*	-1.389	4.095	-2.665***	-2.064**	4.268	-1.769**	-0.991	0.353	-1.113*	-0.189
	(15,403)	(0.342)	(0.405)	(3.897)	(2.303)	(1.743)	(3.739)	(0.779)	(1.031)	(3.775)	(0.690)	(0.843)	(13,176)	(0.581)	(0.642)
yearc54	-0.571	-0.789**	0.586	0.151	-3.682*	-1.506	3.949	-2.721***	-2.041**	4.152	-1.824***	-0.980	0.206	-1.218**	-0.291
	(15,403)	(0.339)	(0.390)	(3.897)	(2.134)	(1.655)	(3.739)	(0.764)	(0.970)	(3.775)	(0.681)	(0.800)	(13,176)	(0.576)	(0.617)
yearc55	-0.471	-0.690**	0.480	0.218	-3.649*	-1.419	4.042	-2.581***	-1.942**	4.232	-1.700**	-0.993	0.290	-1.108*	-0.272
	(15,403)	(0.338)	(0.373)	(3.897)	(2.152)	(1.535)	(3.739)	(0.756)	(0.902)	(3.775)	(0.674)	(0.752)	(13,176)	(0.573)	(0.588)
yearc56	-0.506	-0.708**	0.496	0.139	-3.481*	-1.223	4.011	-2.348***	-1.584**	4.177	-1.602**	-0.815	0.200	-1.136**	-0.307
	(15,403)	(0.335)	(0.360)	(3.897)	(2.017)	(1.429)	(3.739)	(0.718)	(0.806)	(3.775)	(0.655)	(0.684)	(13,176)	(0.568)	(0.557)
yearc57	-0.348	-0.542	0.539	0.411	-3.022	-0.947	4.144	-2.163***	-1.564*	4.268	-1.457**	-0.772	0.286	-0.997*	-0.275
	(15,403)	(0.334)	(0.356)	(3.897)	(1.916)	(1.388)	(3.739)	(0.711)	(0.805)	(3.775)	(0.649)	(0.682)	(13,176)	(0.564)	(0.550)
yearc58	-0.376	-0.553*	0.464	0.265	-2.884	-1.077	4.073	-2.026***	-1.530**	4.244	-1.353**	-0.692	0.350	-0.885	-0.129
	(15,403)	(0.332)	(0.346)	(3.897)	(1.767)	(1.279)	(3.739)	(0.687)	(0.739)	(3.775)	(0.637)	(0.643)	(13,176)	(0.562)	(0.536)
yearc59	-0.406	-0.573*	0.346	0.342	-2.780	-0.911	4.132	-1.890***	-1.333*	4.168	-1.376**	-0.751	0.188	-1.009*	-0.326
	(15,403)	(0.330)	(0.338)	(3.897)	(1.753)	(1.233)	(3.739)	(0.678)	(0.696)	(3.775)	(0.632)	(0.611)	(13,176)	(0.560)	(0.522)
yearc60	-0.437	-0.601*	0.152	0.192	-2.834*	-1.076	4.052	-1.969***	-1.459**	4.194	-1.331**	-0.826	0.165	-1.028*	-0.413
	(15,403)	(0.330)	(0.333)	(3.897)	(1.703)	(1.161)	(3.739)	(0.678)	(0.672)	(3.775)	(0.630)	(0.594)	(13,176)	(0.559)	(0.513)
yearc61	-0.362	-0.510	0.123	0.413	-2.382	-0.706	4.167	-1.634**	-1.217**	4.220	-1.187*	-0.721	0.249	-0.877	-0.395
	(15,403)	(0.329)	(0.324)	(3.897)	(1.587)	(1.047)	(3.739)	(0.657)	(0.607)	(3.775)	(0.620)	(0.557)	(13,176)	(0.556)	(0.496)
yearc62	-0.418	-0.560*	0.0202	0.279	-2.481	-0.758	4.053	-1.670**	-1.146**	4.188	-1.181*	-0.693	0.227	-0.870	-0.378
	(15,403)	(0.328)	(0.318)	(3.897)	(1.569)	(0.991)	(3.739)	(0.649)	(0.572)	(3.775)	(0.617)	(0.539)	(13,176)	(0.555)	(0.490)
yearc63	-0.349	-0.480	-0.0147	0.280	-2.342	-0.756	4.120	-1.528**	-1.097**	4.245	-1.072*	-0.622	0.247	-0.820	-0.347
	(15,403)	(0.327)	(0.315)	(3.897)	(1.501)	(0.942)	(3.739)	(0.644)	(0.552)	(3.775)	(0.614)	(0.526)	(13,176)	(0.554)	(0.484)
yearc64	-0.292	-0.412	-0.0844	0.334	-2.091	-0.645	4.123	-1.335**	-0.989*	4.246	-0.910	-0.580	0.304	-0.694	-0.316
	(15,403)	(0.327)	(0.312)	(3.897)	(1.408)	(0.867)	(3.739)	(0.633)	(0.517)	(3.775)	(0.607)	(0.499)	(13,176)	(0.553)	(0.477)
yearc65	-0.282	-0.399	-0.121	0.440	-1.866	-0.492	4.174	-1.278**	-0.893*	4.293	-0.876	-0.538	0.376	-0.606	-0.270
	(15,403)	(0.327)	(0.310)	(3.897)	(1.355)	(0.805)	(3.739)	(0.633)	(0.503)	(3.775)	(0.607)	(0.495)	(13,176)	(0.553)	(0.475)
yearc66	-0.240	-0.348	-0.137	0.434	-1.737	-0.626	4.238	-1.080*	-0.855*	4.362	-0.704	-0.539	0.446	-0.488	-0.266
	(15,403)	(0.328)	(0.310)	(3.897)	(1.297)	(0.775)	(3.739)	(0.628)	(0.492)	(3.775)	(0.605)	(0.488)	(13,176)	(0.553)	(0.475)
yearc67	-0.176	-0.272	-0.159	0.481	-1.509	-0.423	4.268	-0.900	-0.686	4.406	-0.607	-0.434	0.445	-0.464	-0.235
	(15,403)	(0.327)	(0.309)	(3.897)	(1.221)	(0.715)	(3.739)	(0.623)	(0.477)	(3.775)	(0.603)	(0.481)	(13,176)	(0.553)	(0.474)
yearc68	-0.207	-0.302	-0.184	0.423	-1.514	-0.452	4.243	-0.878	-0.661	4.386	-0.562	-0.349	0.434	-0.439	-0.163
	(15,403)	(0.327)	(0.308)	(3.897)	(1.199)	(0.700)	(3.740)	(0.622)	(0.472)	(3.775)	(0.602)	(0.477)	(13,176)	(0.553)	(0.472)
yearc69	-0.318	-0.408	-0.357	0.221	-1.766	-0.706	4.157	-0.953	-0.868*	4.406	-0.530	-0.478	0.429	-0.442	-0.258
	(15,403)	(0.327)	(0.308)	(3.898)	(1.220)	(0.717)	(3.740)	(0.622)	(0.474)	(3.775)	(0.602)	(0.479)	(13,176)	(0.553)	(0.473)
yearc70	-0.471	-0.556*	-0.482	0.157	-1.713	-0.574	4.047	-1.009	-0.790*	4.286	-0.518	-0.466	0.350	-0.438	-0.199
	(15,403)	(0.330)	(0.310)	(3.900)	(1.180)	(0.686)	(3.741)	(0.628)	(0.476)	(3.776)	(0.607)	(0.480)	(13,176)	(0.559)	(0.479)
yearc71	0.105			0.655			4.984			4.867			0.917		
	(15,403)			(3.946)			(3.769)			(3.809)			(13,176)		
country1	2.959***	-0.587**	-2.728***	-14.52	4.173	-0.576	2.933***	2.868***	-0.721	3.297***	1.758**	-1.307***	5.047	1.295***	-1.595***
	(0.179)	(0.279)	(0.257)	(54,843)	(2.950)	(0.960)	(0.259)	(1.012)	(0.666)	(0.255)	(0.692)	(0.461)	(13,084)	(0.473)	(0.357)
country2	0.324*	-3.527***	-2.130***	-17.07	-2.013***	-0.894	0.271	-2.623***	-1.053**	0.0895	-3.299***	-1.596***	1.170	-3.655***	-1.946***
	(0.174)	(0.108)	(0.174)	(54,843)	(0.781)	(0.585)	(0.251)	(0.311)	(0.420)	(0.228)	(0.203)	(0.291)	(13,084)	(0.150)	(0.200)
country3	-1.252***	-5.268***	-3.641***	-18.62	-6.593***	-3.931***	-1.243***	-6.434***	-4.025***	-1.333***	-6.171***	-3.913***	-0.313	-5.889***	-3.826***
	(0.198)	(0.155)	(0.167)	(54,843)	(1.157)	(0.324)	(0.285)	(0.427)	(0.258)	(0.257)	(0.339)	(0.227)	(13,084)	(0.245)	(0.216)
country4	4.508***	0.640***	0.826***	-12.87	1.845***	0.776***	4.561***	1.193***	0.620***	4.476***	0.632***	0.674***	5.558	0.361**	0.792***
	(0.177)	(0.109)	(0.130)	(54,843)	(0.594)	(0.227)	(0.255)	(0.229)	(0.182)	(0.233)	(0.158)	(0.182)	(13,084)	(0.153)	(0.189)
country5	-1.575***	-5.610***	-3.999***	-19.17	-7.419***	-4.323***	-1.637***	-6.999***	-4.513***	-1.663***	-6.586***	-4.327***	-0.525	-6.136***	-4.159***
	(0.181)	(0.141)	(0.139)	(54,843)	(1.303)	(0.313)	(0.261)	(0.439)	(0.231)	(0.236)	(0.338)	(0.206)	(13,084)	(0.229)	(0.186)
country6	-0.483***	-4.407***	-3.131***	-18.03	-4.924***	-2.476***	-0.404	-4.844***	-2.595***	-0.415*	-4.685***	-2.784***	0.682	-4.565***	-2.970***
	(0.183)	(0.114)	(0.156)	(54,843)	(0.534)	(0.295)	(0.261)	(0.250)	(0.221)	(0.238)	(0.200)	(0.182)	(13,084)	(0.166)	(0.176)
country7	2.184***	-1.827***	-1.113***	-15.36	-3.256***	-2.272***	2.225***	-2.949***	-2.558***	2.306***	-2.547***	-2.071***	3.531	-2.050***	-1.610***
	(0.185)	(0.138)	(0.223)	(54,843)	(1.103)	(0.729)	(0.268)	(0.404)	(0.507)	(0.243)	(0.328)	(0.405)	(13,084)	(0.230)	(0.320)
country8	-0.984***	-5.070***	-2.674***	-18.39	-7.810***	-4.042***	-0.896***	-7.205***	-4.497***	-0.880***	-6.441***	-3.824***	0.359	-5.653***	-3.284***
	(0.189)	(0.175)	(0.233)	(54,843)	(2.005)	(0.917)	(0.272)	(0.676)	(0.660)	(0.246)	(0.511)	(0.535)	(13,084)	(0.342)	(0.401)
country9	2.742***	-0.941***	-1.487***	-14.56	2.818	0.0497	2.675***	1.362**	-0.220	2.315***	-0.183	-1.003***	3.259	-1.174***	-1.479***
	(0.172)	(0.188)	(0.194)	(54,843)	(2.157)	(0.671)	(0.250)	(0.689)	(0.437)	(0.228)	(0.418)	(0.270)	(13,084)	(0.232)	(0.184)
country11	2.080***	-1.825***	-1.914***	-15.67	-1.497***	-2.493***	2.027***	-1.760***	-2.570***	2.082***	-1.926***	-2.437***	3.221	-1.844***	-2.369***
	(0.214)	(0.161)	(0.177)	(54,843)	(0.467)	(0.344)	(0.308)	(0.294)	(0.284)	(0.283)	(0.249)	(0.271)	(13,084)	(0.226)	(0.240)
country12	0.362*	-3.633***	-2.230***	-17.39	-4.799***	-2.483***	0.421	-4.442***	-2.381***	0.441*	-4.318***	-2.278***	1.518	-4.059***	-2.308***
	(0.197)	(0.149)	(0.181)	(54,843)	(0.844)	(0.322)	(0.285)	(0.361)	(0.261)	(0.257)	(0.322)	(0.251)	(13,084)	(0.246)	(0.240)
country13	2.897***	-0.839***	-1.283***	-14.34	2.599	-0.547	2.963***	1.556**	-0.352	2.560***	-0.00594	-1.048**	3.461	-1.008***	-1.455***
	(0.177)	(0.162)	(0.379)	(54,843)	(1.899)	(0.960)	(0.258)	(0.671)	(0.693)	(0.238)	(0.408)	(0.500)	(13,084)	(0.236)	(0.459)
country14	4.026***	0.147	0.127	-13.11	1.407***	0.833***	4.165***	1.003***	0.705***	3.969***	0.421**	0.500***	5.030	0.110	0.447***
	(0.171)	(0.0967)	(0.128)	(54,843)	(0.478)	(0.270)	(0.247)	(0.250)	(0.227)	(0.225)	(0.169)	(0.179)	(13,084)	(0.132)	(0.155)
country15	2.167***	-1.697***	-1.764***	-15.35	-0.953**	-1.768***	2.161***	-1.236***	-1.846***	2.042***	-1.596***	-1.818***	3.114	-1.786***	-1.824***
	(0.189)	(0.129)	(0.159)	(54,843)	(0.462)	(0.268)	(0.270)	(0.252)	(0.217)	(0.246)	(0.196)	(0.192)	(13,084)	(0.175)	(0.191)
country16	-1.182***	-5.176***	-3.796***	-19.13	-6.681***	-4.221***	-1.411***	-6.327***	-4.353***	-1.248***	-5.846***	-4.098***	-0.0445	-5.413***	-3.988***
	(0.189)	(0.136)	(0.168)	(54,843)	(0.907)	(0.391)	(0.271)	(0.352)	(0.294)	(0.245)	(0.273)	(0.250)	(13,084)	(0.194)	(0.212)
country17	0.460**	-3.504***	-2.238***	-16.57	-3.677***	-1.668***	0.792***	-3.853***	-1.957***	0.578**	-4.085***	-2.155***	1.603	-4.057***	-2.211***
	(0.188)	(0.129)	(0.143)	(54,843)	(0.661)	(0.253)	(0.271)	(0.302)	(0.200)	(0.247)	(0.288)	(0.191)	(13,084)	(0.254)	(0.208)
country18	2.247***	-1.693***	-1.164***	-15.00	-1.132***	-1.088***	2.217***	-1.628***	-1.521***	1.740***	-2.592***	-1.841***	2.371	-3.129***	-2.175***
	(0.181)	(0.114)	(0.137)	(54,843)	(0.299)	(0.265)	(0.263)	(0.205)	(0.200)	(0.240)	(0.214)	(0.222)	(13,084)	(0.212)	(0.229)
country19	2.012***	-1.696***	-1.226***	-15.45	1.162	1.174	1.816***	0.116	1.234	1.548***	-1.069***	0.189	2.541	-1.874***	-0.576
	(0.171)	(0.172)	(0.294)	(54,843)	(1.695)	(1.187)	(0.247)	(0.591)	(0.837)	(0.225)	(0.384)	(0.599)	(13,084)	(0.231)	(0.387)
country20	3.106***	-0.664***		-14.43	1.634		3.032***	0.909*		3.043***	0.175		4.283	-0.241	
	(0.171)	(0.138)		(54,843)	(1.370)		(0.248)	(0.486)		(0.225)	(0.320)		(13,084)	(0.205)	
country21	4.084***	0.488*	-2.117***	-13.68	4.711*	-0.111	4.184***	2.887***	-0.0998	4.526***	2.061***	-0.492	6.064	1.791***	-0.601*
	(0.215)	(0.275)	(0.285)	(54,843)	(2.787)	(1.225)	(0.322)	(0.743)	(0.650)	(0.313)	(0.495)	(0.441)	(13,084)	(0.373)	(0.355)
country22	3.110***	-0.879***	-0.460***	-14.32	-1.569**	-0.967**	3.206***	-1.541***	-1.277***	3.127***	-1.512***	-1.075***	4.216	-1.288***	-0.878***
	(0.179)	(0.122)	(0.167)	(54,843)	(0.725)	(0.475)	(0.260)	(0.303)	(0.347)	(0.235)	(0.270)	(0.312)	(13,084)	(0.205)	(0.262)
country23	1.134***	-2.697***	-2.972***	-16.17	-1.305*	-2.515***	1.296***	-1.785***	-2.799***	1.204***	-2.186***	-3.109***	2.251	-2.542***	-3.382***
	(0.191)	(0.140)	(0.166)	(54,843)	(0.701)	(0.290)	(0.273)	(0.306)	(0.231)	(0.251)	(0.236)	(0.207)	(13,084)	(0.196)	(0.211)
country24	-0.647***	-4.615***	-2.302***	-18.03	-4.538***	-2.202***	-0.520**	-4.926***	-2.611***	-0.893***	-5.573***	-3.049***	-0.00261	-5.717***	-3.147***
	(0.180)	(0.116)	(0.152)	(54,843)	(0.361)	(0.268)	(0.260)	(0.244)	(0.236)	(0.237)	(0.281)	(0.280)	(13,084)	(0.257)	(0.285)
country25	1.411***	-2.605***	-1.546***	-15.96	-3.967***	-1.766***	1.518***	-3.654***	-2.068***	1.504***	-3.315***	-1.920***	2.680	-2.855***	-1.819***
	(0.180)	(0.132)	(0.144)	(54,843)	(1.162)	(0.356)	(0.260)	(0.395)	(0.270)	(0.236)	(0.312)	(0.241)	(13,084)	(0.212)	(0.202)
country26	-2.150***	-6.267***	-4.496***	-19.71	-8.954***	-5.215***	-2.137***	-8.613***	-5.715***	-2.125***	-7.921***	-5.259***	-1.015	-7.158***	-4.876***
	(0.185)	(0.186)	(0.187)	(54,843)	(1.900)	(0.562)	(0.267)	(0.714)	(0.463)	(0.241)	(0.570)	(0.407)	(13,084)	(0.373)	(0.323)
country27	0.684***	-3.257***	-1.866***	-16.62	-2.982***	-0.991***	0.734***	-3.135***	-1.189***	0.509**	-3.486***	-1.635***	1.418	-3.752***	-2.035***
	(0.175)	(0.104)	(0.136)	(54,843)	(0.298)	(0.325)	(0.254)	(0.184)	(0.259)	(0.230)	(0.156)	(0.194)	(13,084)	(0.144)	(0.160)
country28	-1.043***	-4.993***	-3.938***	-18.60	-5.274***	-3.835***	-1.012***	-5.244***	-3.982***	-0.928***	-5.184***	-3.950***	0.264	-5.028***	-3.906***
	(0.184)	(0.120)	(0.140)	(54,843)	(0.439)	(0.250)	(0.266)	(0.233)	(0.199)	(0.242)	(0.206)	(0.184)	(13,084)	(0.178)	(0.182)
country29	2.349***	-1.528***	-1.611***	-15.36	-0.982**	-2.225***	2.307***	-1.322***	-2.184***	2.257***	-1.753***	-2.125***	3.448	-1.779***	-1.823***
	(0.196)	(0.136)	(0.258)	(54,843)	(0.474)	(0.441)	(0.280)	(0.248)	(0.363)	(0.256)	(0.204)	(0.337)	(13,084)	(0.193)	(0.319)
country30	0.310	-3.533***	-1.984***	-17.32	-2.806***	-0.572	0.0490	-3.055***	-0.574	-0.00486	-3.496***	-1.239***	1.113	-3.806***	-1.761***
	(0.195)	(0.142)	(0.225)	(54,843)	(0.532)	(0.709)	(0.279)	(0.311)	(0.539)	(0.256)	(0.229)	(0.381)	(13,084)	(0.194)	(0.256)
country31	1.245***	-2.669***	-2.105***	-15.92	-1.164*	-1.152**	1.284***	-2.107***	-1.442***	0.991***	-3.005***	-1.942***	1.841	-3.511***	-2.250***
	(0.175)	(0.102)	(0.133)	(54,843)	(0.613)	(0.502)	(0.254)	(0.224)	(0.318)	(0.232)	(0.158)	(0.187)	(13,084)	(0.171)	(0.152)
country32	-1.087***	-5.178***	-3.497***	-18.63	-7.822***	-4.146***	-1.035***	-7.191***	-4.380***	-1.095***	-6.641***	-4.047***	0.0758	-6.009***	-3.750***
	(0.197)	(0.185)	(0.204)	(54,843)	(1.875)	(0.552)	(0.285)	(0.648)	(0.403)	(0.255)	(0.513)	(0.352)	(13,084)	(0.367)	(0.292)
country33	3.127***	-0.877***	0.165	-14.70	-2.295**	-0.820	3.104***	-1.902***	-0.961**	3.198***	-1.481***	-0.557*	4.425	-1.114***	-0.287
	(0.185)	(0.134)	(0.181)	(54,843)	(0.923)	(0.545)	(0.266)	(0.364)	(0.399)	(0.241)	(0.286)	(0.329)	(13,084)	(0.221)	(0.274)
country34	1.400***	-2.540***		-16.01	-3.274***		1.415***	-3.052***		1.303***	-3.045***		2.486	-2.837***	
	(0.188)	(0.125)		(54,843)	(0.743)		(0.269)	(0.269)		(0.244)	(0.223)		(13,084)	(0.184)	
country35	3.854***	0.0427	0.0217	-13.65	2.114*	0.757*	3.825***	1.282***	0.641**	3.822***	0.515**	0.424**	4.912	0.00694	0.280*
	(0.173)	(0.121)	(0.138)	(54,843)	(1.192)	(0.448)	(0.250)	(0.389)	(0.288)	(0.228)	(0.219)	(0.193)	(13,084)	(0.142)	(0.156)
country36	3.712***	-0.113		-13.53	1.420**		3.796***	0.860***		3.721***	0.243		4.800	-0.200	
	(0.173)	(0.116)		(54,843)	(0.716)		(0.250)	(0.301)		(0.228)	(0.186)		(13,084)	(0.136)	
country37	-0.204	-4.254***	-3.109***	-17.63	-6.373***	-3.746***	-0.130	-5.901***	-3.945***	-0.202	-5.387***	-3.692***	0.997	-4.733***	-3.424***
	(0.178)	(0.144)	(0.153)	(54,843)	(1.594)	(0.490)	(0.256)	(0.532)	(0.329)	(0.232)	(0.401)	(0.272)	(13,084)	(0.255)	(0.224)
country38	-1.174***	-5.231***	-3.646***	-18.76	-7.385***	-4.155***	-1.235***	-6.912***	-4.408***	-1.260***	-6.505***	-4.208***	-0.0538	-5.837***	-3.930***
	(0.181)	(0.151)	(0.170)	(54,843)	(1.525)	(0.428)	(0.261)	(0.514)	(0.313)	(0.237)	(0.421)	(0.291)	(13,084)	(0.273)	(0.241)
country39	3.546*	-0.326		-15.37	-3.194		3.698**	-0.514		3.593*	-0.00991		4.735	0.356	
	(1.839)	(1.838)		(54,843)	(3.964)		(1.878)	(2.425)		(1.893)	(2.209)		(13,084)	(2.037)	
country40	1.399***	-2.627***	-1.429***	-16.30	-4.194***	-2.163***	1.259***	-3.847***	-2.319***	1.281***	-3.589***	-2.090***	2.502	-3.075***	-1.842***
	(0.179)	(0.136)	(0.163)	(54,843)	(1.092)	(0.420)	(0.260)	(0.380)	(0.300)	(0.235)	(0.324)	(0.276)	(13,084)	(0.221)	(0.228)
country41	-0.301	-4.252***	-3.419***	-18.16	-5.661***	-4.146***	-0.381	-4.959***	-4.082***	-0.411	-4.715***	-3.747***	0.744	-4.504***	-3.448***
	(0.214)	(0.163)	(0.295)	(54,843)	(0.917)	(0.577)	(0.302)	(0.338)	(0.443)	(0.275)	(0.262)	(0.371)	(13,084)	(0.218)	(0.331)
country42	2.185***	-1.556***	-1.023***	-15.17	1.627	-0.772*	2.030***	0.0808	-1.373***	1.872***	-1.158***	-1.300***	2.875	-1.938***	-1.261***
	(0.178)	(0.160)	(0.209)	(54,843)	(1.814)	(0.444)	(0.258)	(0.538)	(0.330)	(0.237)	(0.292)	(0.311)	(13,084)	(0.170)	(0.296)
country43	2.623***	-1.461***	-0.478**	-15.22	-4.119**	-1.787***	2.655***	-3.357***	-1.989***	2.676***	-2.675***	-1.491***	3.709	-2.160***	-1.150***
	(0.198)	(0.184)	(0.223)	(54,843)	(1.705)	(0.681)	(0.286)	(0.614)	(0.525)	(0.258)	(0.464)	(0.429)	(13,084)	(0.313)	(0.339)
country44	2.038***	-1.651***		-15.51	1.335		1.709***	0.0812		1.474***	-0.975**		2.399	-1.934***	
	(0.178)	(0.190)		(54,843)	(1.842)		(0.257)	(0.615)		(0.236)	(0.437)		(13,084)	(0.269)	
country45	2.015***	-2.053***	-1.340***	-15.48	-4.047***	-2.413***	2.107***	-3.578***	-2.768***	2.112***	-3.179***	-2.351***	3.240	-2.687***	-1.982***
	(0.180)	(0.155)	(0.208)	(54,843)	(1.493)	(0.660)	(0.260)	(0.515)	(0.476)	(0.236)	(0.432)	(0.429)	(13,084)	(0.310)	(0.340)
country46	3.912***			-13.84			3.868***			3.879***			5.039		
	(0.192)			(54,843)			(0.275)			(0.250)			(13,084)		
age37		1.815	5.067	0.923	6.112	5.523	0.358	4.515	5.464	-1.542	4.348	5.552		4.293	5.274
		(3.853)	(3.862)	(27,388)	(6.424)	(3.904)	(16,952)	(5.181)	(4.059)	(20,740)	(4.688)	(3.934)		(4.300)	(3.908)
country10		-4.056***	-2.788***	-17.68	-6.045***	-3.615***		-5.507***	-3.885***		-5.201***	-3.445***	1.105	-4.805***	-3.084***
		(0.218)	(0.404)	(54,843)	(1.434)	(0.862)		(0.558)	(0.653)		(0.476)	(0.571)	(13,084)	(0.372)	(0.499)
educfyrs			0.271***			0.427***			0.459***			0.417***			0.389***
			(0.0215)			(0.0747)			(0.0513)			(0.0401)			(0.0275)
height			0.0138***			0.0259***			0.0273***			0.0224***			0.0168***
			(0.00204)			(0.00498)			(0.00421)			(0.00344)			(0.00302)
bmi			0.0731***			0.0868***			0.0936***			0.0894***			0.0861***
			(0.00258)			(0.0134)			(0.0102)			(0.00782)			(0.00492)
poor1			-1.609***			-2.355***			-2.417***			-2.113***			-1.835***
			(0.0942)			(0.380)			(0.294)			(0.222)			(0.157)
Constant	8.905	10.44***	7.447**	25.78	-2.131	-0.526	5.110	-0.0803	-1.424	7.321	1.528	1.147	8.049	3.565	4.268
	(15,403)	(3.753)	(3.640)	(60,291)	(10.32)	(5.262)	(16,952)	(5.937)	(4.850)	(20,740)	(5.357)	(4.500)	(19,149)	(4.709)	(4.241)
															
Observations	223,412	223,412	121,570	71,009	71,009	39,933	114,759	114,759	64,225	126,599	126,599	70,101	119,152	119,152	65,662
R-squared	0.282	0.278	0.384	0.295	-0.510	0.400	0.283	-0.211	0.341	0.263	-0.014	0.373	0.245	0.130	0.365
Standard errors in parentheses															
*** p<0.01, ** p<0.05, * p<0.1															
