	(1)	(2)	(3)	(4)	(5)	(6)	(7)	(8)	(9)	(10)	(11)	(12)	(13)	(14)	(15)	(16)	(17)	(18)	(19)	(20)	(21)	(22)	(23)	(24)	(25)	(26)	(27)	(28)
VARIABLES	mort15	mort15	mort15	mort15	mort15	mort15	mort15	mort15	mort15	mort15	mort15	mort15	mort15	mort15	mort15	mort15	mort15	mort15	mort15	mort15	mort15	mort15	mort15	mort15	mort15	mort15	mort15	mort15
																												
fert	0.00644***	-0.00696	-0.00642	-0.00539	0.00513***	0.000292	-0.000195	-0.000828	0.00607***	0.00625	0.00659	0.00409	0.00567***	0.00546	0.00503	0.00495	0.00683***	0.000784	0.000857	0.000439	0.00754***	0.00702	0.00799	0.00557	0.00701***	0.00695	0.00589	0.00588
	(0.000645)	(0.00902)	(0.00892)	(0.00893)	(0.000280)	(0.00522)	(0.00513)	(0.00523)	(0.000390)	(0.00636)	(0.00623)	(0.00621)	(0.000506)	(0.00797)	(0.00792)	(0.00794)	(0.000272)	(0.00535)	(0.00518)	(0.00530)	(0.000378)	(0.00628)	(0.00608)	(0.00608)	(0.000489)	(0.00802)	(0.00802)	(0.00798)
yearc2					0.0179	-0.0245	-0.0380	-0.0415									0.0352	0.00165	-0.0179	-0.0235								
					(0.242)	(0.152)	(0.150)	(0.155)									(0.244)	(0.155)	(0.152)	(0.152)								
yearc4					0.0308	-0.0237	-0.0408	-0.0422		0.882***	0.911***	0.881***	-0.0454	-0.0997	-0.117	-0.0310	0.0523	0.00361	-0.0170	-0.0193	0.963***	0.899***	0.875***	0.904***	-0.0807	-0.0894	-0.0893	-0.0993
					(0.221)	(0.110)	(0.108)	(0.114)		(0.288)	(0.245)	(0.285)	(0.331)	(0.248)	(0.247)	(0.337)	(0.223)	(0.112)	(0.110)	(0.110)	(0.318)	(0.289)	(0.287)	(0.286)	(2,024)	(0.250)	(0.249)	(0.249)
yearc5					0.0205	-0.0243	-0.0403	-0.0440	-0.964***	-0.0808	-0.0477	-0.0891	-0.0567	-0.111	-0.129	-0.0378	0.0387	0.00204	-0.0155	-0.0221	0.00862	-0.0592	-0.0763	-0.0555	-0.0947	-0.103	-0.105	-0.107
					(0.280)	(0.206)	(0.205)	(0.208)	(0.274)	(0.229)	(0.175)	(0.227)	(0.287)	(0.191)	(0.189)	(0.297)	(0.282)	(0.209)	(0.206)	(0.207)	(0.276)	(0.230)	(0.229)	(0.229)	(2,024)	(0.194)	(0.192)	(0.192)
yearc6	0.0420	0.0889	0.0619	0.0416	0.0295	-0.0238	-0.0397	-0.0445	-0.965***	-0.0824	-0.0498	-0.0892	-0.0425	-0.0969	-0.115	-0.0241	0.0506	0.00341	-0.0177	-0.0242	0.00674	-0.0610	-0.0775	-0.0568	-0.0772	-0.0859	-0.0922	-0.0940
	(0.346)	(0.275)	(0.273)	(0.273)	(0.221)	(0.111)	(0.109)	(0.114)	(0.250)	(0.201)	(0.135)	(0.199)	(0.287)	(0.183)	(0.182)	(0.292)	(0.223)	(0.112)	(0.110)	(0.110)	(0.252)	(0.201)	(0.200)	(0.200)	(2,024)	(0.185)	(0.184)	(0.184)
yearc7					0.0359	-0.0235	-0.0393	-0.0410	-0.955***	-0.0725	-0.0350	-0.0782					0.0592	0.00439	-0.0152	-0.0164	0.0187	-0.0499	-0.0598	-0.0415				
					(0.211)	(0.0865)	(0.0844)	(0.0920)	(0.258)	(0.208)	(0.147)	(0.207)					(0.213)	(0.0882)	(0.0859)	(0.0863)	(0.260)	(0.209)	(0.208)	(0.208)				
yearc8	0.571*	0.558***	0.532***	0.523***	0.0350	-0.0235	-0.0395	-0.0383	-0.961***	-0.0783	-0.0463	-0.0860	-0.0340	-0.0887	-0.106	-0.0203	0.0580	0.00426	-0.0172	-0.0155	0.0116	-0.0564	-0.0743	-0.0516	-0.0667	-0.0755	-0.0817	-0.0911
	(0.300)	(0.196)	(0.194)	(0.194)	(0.214)	(0.0921)	(0.0900)	(0.0973)	(0.245)	(0.193)	(0.124)	(0.191)	(0.331)	(0.244)	(0.243)	(0.334)	(0.215)	(0.0938)	(0.0915)	(0.0921)	(0.246)	(0.194)	(0.192)	(0.192)	(2,024)	(0.246)	(0.245)	(0.245)
yearc9					0.0359	-0.0235	-0.0395	-0.0436	-0.827***	0.0558	0.0904	0.0529	-0.0317	-0.0866	-0.106	-0.0149	0.0592	0.00439	-0.0144	-0.0194	0.144	0.0766	0.0594	0.0836	-0.0639	-0.0727	-0.0757	-0.0791
					(0.207)	(0.0738)	(0.0746)	(0.0829)	(0.239)	(0.188)	(0.116)	(0.186)	(0.256)	(0.124)	(0.122)	(0.260)	(0.208)	(0.0756)	(0.0761)	(0.0765)	(0.240)	(0.189)	(0.187)	(0.187)	(2,024)	(0.126)	(0.125)	(0.125)
yearc10	0.0742	0.0541	0.0321	0.0169	0.117	0.0566	0.0400	0.0388	-0.870***	0.0129	0.0483	0.00523	0.111	0.0565	0.0357	0.126	0.141	0.0846	0.0643	0.0632	0.103	0.0349	0.0185	0.0366	0.0792	0.0703	0.0622	0.0590
	(0.300)	(0.194)	(0.193)	(0.193)	(0.202)	(0.0579)	(0.0550)	(0.0660)	(0.233)	(0.179)	(0.1000)	(0.177)	(0.250)	(0.111)	(0.109)	(0.254)	(0.203)	(0.0598)	(0.0567)	(0.0574)	(0.235)	(0.179)	(0.178)	(0.178)	(2,024)	(0.112)	(0.111)	(0.111)
yearc11	0.0871	0.0402	0.0285	0.0260	0.0385	-0.0233	-0.0415	-0.0446	-0.819***	0.0638	0.0995	0.0573	0.301	0.246**	0.228**	0.324	0.0626	0.00478	-0.0164	-0.0197	0.154	0.0856	0.0713	0.0911	0.269	0.260**	0.253**	0.256**
	(0.300)	(0.189)	(0.188)	(0.188)	(0.210)	(0.0811)	(0.0790)	(0.0870)	(0.239)	(0.186)	(0.113)	(0.184)	(0.253)	(0.117)	(0.115)	(0.257)	(0.211)	(0.0828)	(0.0804)	(0.0807)	(0.240)	(0.187)	(0.185)	(0.185)	(2,024)	(0.118)	(0.117)	(0.118)
yearc12	0.0758	0.0524	0.0285	0.0174	0.126	0.0602	0.0423	0.0401	-0.889***	-0.00583	0.0283	-0.0159	-0.0340	-0.0887	-0.106	-0.0170	0.151	0.0887	0.0675	0.0653	0.0853	0.0168	0.000460	0.0171	-0.0667	-0.0755	-0.0798	-0.0855
	(0.274)	(0.150)	(0.148)	(0.148)	(0.202)	(0.0552)	(0.0526)	(0.0639)	(0.231)	(0.174)	(0.0915)	(0.172)	(0.248)	(0.108)	(0.106)	(0.253)	(0.203)	(0.0569)	(0.0541)	(0.0547)	(0.232)	(0.174)	(0.173)	(0.173)	(2,024)	(0.110)	(0.108)	(0.109)
yearc13	0.412	0.383***	0.358***	0.350***	0.205	0.137***	0.121**	0.118*	-0.951***	-0.0679	-0.0333	-0.0798	0.133	0.0779	0.0559	0.145	0.231	0.166***	0.145***	0.143***	0.0242	-0.0447	-0.0592	-0.0447	0.1000	0.0912	0.0850	0.0783
	(0.264)	(0.130)	(0.129)	(0.129)	(0.202)	(0.0531)	(0.0508)	(0.0623)	(0.231)	(0.173)	(0.0899)	(0.171)	(0.253)	(0.118)	(0.116)	(0.257)	(0.203)	(0.0547)	(0.0522)	(0.0526)	(0.232)	(0.173)	(0.172)	(0.172)	(2,024)	(0.120)	(0.118)	(0.119)
yearc14	0.0788	0.0492	0.0287	0.0204	0.0793	0.0105	-0.00766	-0.0116	-0.746***	0.137	0.172**	0.128	0.257	0.202**	0.203**	0.291	0.106	0.0393	0.0187	0.0147	0.229	0.160	0.145	0.163	0.225	0.216**	0.230**	0.223**
	(0.262)	(0.125)	(0.123)	(0.123)	(0.201)	(0.0500)	(0.0475)	(0.0596)	(0.227)	(0.168)	(0.0813)	(0.167)	(0.242)	(0.0898)	(0.0900)	(0.246)	(0.203)	(0.0515)	(0.0489)	(0.0493)	(0.229)	(0.169)	(0.168)	(0.168)	(2,024)	(0.0913)	(0.0926)	(0.0928)
yearc15	0.461*	0.417***	0.394***	0.385***	0.154	0.0843*	0.0659	0.0624	-0.913***	-0.0298	0.00456	-0.0430	-0.0259	-0.0809	-0.0994	-0.00847	0.181	0.113**	0.0916*	0.0883*	0.0631	-0.00611	-0.0224	-0.00868	-0.0567	-0.0656	-0.0727	-0.0752
	(0.260)	(0.116)	(0.115)	(0.115)	(0.201)	(0.0504)	(0.0480)	(0.0600)	(0.227)	(0.167)	(0.0791)	(0.166)	(0.242)	(0.0875)	(0.0853)	(0.245)	(0.203)	(0.0519)	(0.0493)	(0.0497)	(0.229)	(0.168)	(0.167)	(0.166)	(2,024)	(0.0889)	(0.0877)	(0.0882)
yearc16	0.153	0.107	0.0935	0.0863	0.0907	0.0198	0.00229	-5.20e-05	-0.736***	0.147	0.182**	0.137	0.155	0.100	0.0788	0.170	0.118	0.0488	0.0293	0.0279	0.241	0.171	0.157	0.174	0.126	0.117	0.107	0.104
	(0.253)	(0.0992)	(0.1000)	(0.0998)	(0.200)	(0.0436)	(0.0411)	(0.0547)	(0.229)	(0.169)	(0.0844)	(0.168)	(0.241)	(0.0801)	(0.0781)	(0.242)	(0.201)	(0.0452)	(0.0425)	(0.0430)	(0.231)	(0.170)	(0.169)	(0.169)	(2,024)	(0.0814)	(0.0801)	(0.0808)
yearc17	0.309	0.262**	0.240**	0.236**	0.205	0.131***	0.113**	0.108*	-0.888***	-0.00512	0.0309	-0.0189	0.0910	0.0357	0.0145	0.106	0.233	0.160***	0.140***	0.135***	0.0882	0.0188	0.00452	0.0166	0.0616	0.0526	0.0437	0.0414
	(0.258)	(0.112)	(0.110)	(0.110)	(0.202)	(0.0494)	(0.0474)	(0.0594)	(0.227)	(0.166)	(0.0766)	(0.164)	(0.240)	(0.0785)	(0.0765)	(0.242)	(0.203)	(0.0508)	(0.0486)	(0.0489)	(0.228)	(0.166)	(0.165)	(0.165)	(2,024)	(0.0797)	(0.0785)	(0.0791)
yearc18	0.308	0.248**	0.225**	0.216**	0.102	0.0263	0.00856	0.00559	-0.786***	0.0971	0.132*	0.0847	0.0577	0.00247	-0.0166	0.0708	0.132	0.0559	0.0372	0.0352	0.191	0.121	0.107	0.121	0.0286	0.0196	0.0118	0.00409
	(0.253)	(0.0967)	(0.0954)	(0.0953)	(0.200)	(0.0419)	(0.0399)	(0.0537)	(0.227)	(0.166)	(0.0765)	(0.164)	(0.238)	(0.0716)	(0.0697)	(0.240)	(0.202)	(0.0432)	(0.0411)	(0.0414)	(0.228)	(0.166)	(0.165)	(0.165)	(2,024)	(0.0728)	(0.0717)	(0.0721)
yearc19	0.177	0.117	0.0946	0.0867	0.181	0.105***	0.0877**	0.0849	-0.897***	-0.0134	0.0227	-0.0263	0.0933	0.0379	0.0190	0.109	0.211	0.135***	0.116***	0.114***	0.0809	0.0111	-0.000299	0.0128	0.0644	0.0554	0.0482	0.0447
	(0.250)	(0.0871)	(0.0857)	(0.0857)	(0.200)	(0.0404)	(0.0384)	(0.0526)	(0.228)	(0.167)	(0.0799)	(0.166)	(0.238)	(0.0702)	(0.0683)	(0.239)	(0.201)	(0.0417)	(0.0396)	(0.0399)	(0.230)	(0.168)	(0.167)	(0.167)	(2,024)	(0.0714)	(0.0703)	(0.0708)
yearc20	0.175	0.112	0.0890	0.0814	0.119	0.0384	0.0205	0.0184	-0.791***	0.0923	0.129*	0.0778	0.0355	-0.0199	-0.0401	0.0513	0.150	0.0684*	0.0497	0.0491	0.187	0.117	0.107	0.118	0.00751	-0.00151	-0.0109	-0.0129
	(0.250)	(0.0856)	(0.0843)	(0.0842)	(0.199)	(0.0348)	(0.0331)	(0.0488)	(0.226)	(0.164)	(0.0730)	(0.163)	(0.240)	(0.0732)	(0.0717)	(0.240)	(0.201)	(0.0359)	(0.0341)	(0.0345)	(0.228)	(0.164)	(0.164)	(0.163)	(2,024)	(0.0743)	(0.0733)	(0.0739)
yearc21	0.165	0.0948	0.0741	0.0673	0.151	0.0704*	0.0544	0.0529	-0.746***	0.137	0.174**	0.124	0.0262	-0.0293	-0.0496	0.0408	0.182	0.100***	0.0845**	0.0844**	0.233	0.162	0.151	0.164	-0.00172	-0.0107	-0.0193	-0.0230
	(0.253)	(0.0929)	(0.0919)	(0.0918)	(0.200)	(0.0365)	(0.0350)	(0.0501)	(0.226)	(0.163)	(0.0725)	(0.162)	(0.239)	(0.0690)	(0.0675)	(0.239)	(0.201)	(0.0375)	(0.0360)	(0.0363)	(0.228)	(0.164)	(0.163)	(0.163)	(2,024)	(0.0701)	(0.0691)	(0.0697)
yearc22	0.144	0.0733	0.0515	0.0470	0.107	0.0241	0.00750	0.00720	-0.932***	-0.0481	-0.0113	-0.0625	0.0468	-0.00871	-0.0284	0.0626	0.138	0.0543	0.0371	0.0384	0.0481	-0.0225	-0.0334	-0.0219	0.0194	0.0103	0.00216	0.000528
	(0.250)	(0.0856)	(0.0846)	(0.0846)	(0.199)	(0.0340)	(0.0327)	(0.0485)	(0.226)	(0.162)	(0.0700)	(0.161)	(0.237)	(0.0637)	(0.0623)	(0.238)	(0.201)	(0.0350)	(0.0335)	(0.0339)	(0.227)	(0.163)	(0.162)	(0.162)	(2,024)	(0.0647)	(0.0638)	(0.0643)
yearc23	0.206	0.130	0.113	0.109	0.0853	0.00104	-0.0154	-0.0161	-0.801***	0.0827	0.121*	0.0693	0.0528	-0.00285	-0.0230	0.0672	0.117	0.0314	0.0151	0.0164	0.179	0.108	0.0996	0.111	0.0258	0.0168	0.00621	0.00333
	(0.251)	(0.0871)	(0.0862)	(0.0862)	(0.199)	(0.0310)	(0.0297)	(0.0465)	(0.226)	(0.162)	(0.0709)	(0.162)	(0.238)	(0.0635)	(0.0622)	(0.238)	(0.200)	(0.0319)	(0.0305)	(0.0308)	(0.227)	(0.163)	(0.163)	(0.162)	(2,024)	(0.0643)	(0.0635)	(0.0641)
yearc24	0.103	0.0228	0.00246	0.000590	0.123	0.0370	0.0206	0.0176	-0.912***	-0.0285	0.00878	-0.0406	0.0216	-0.0341	-0.0541	0.0369	0.156	0.0676**	0.0513	0.0495	0.0681	-0.00265	-0.0128	0.000940	-0.00489	-0.0140	-0.0236	-0.0254
	(0.250)	(0.0837)	(0.0828)	(0.0828)	(0.199)	(0.0322)	(0.0313)	(0.0474)	(0.225)	(0.162)	(0.0693)	(0.161)	(0.237)	(0.0619)	(0.0608)	(0.238)	(0.201)	(0.0330)	(0.0319)	(0.0321)	(0.227)	(0.163)	(0.162)	(0.162)	(2,024)	(0.0626)	(0.0619)	(0.0624)
yearc25	0.142	0.0577	0.0367	0.0349	0.0803	-0.00726	-0.0248	-0.0273	-0.864***	0.0198	0.0589	0.00569	0.183	0.127**	0.106*	0.198	0.113	0.0234	0.00594	0.00512	0.117	0.0460	0.0372	0.0469	0.157	0.148**	0.137**	0.136**
	(0.249)	(0.0799)	(0.0791)	(0.0791)	(0.199)	(0.0317)	(0.0308)	(0.0471)	(0.226)	(0.162)	(0.0704)	(0.161)	(0.237)	(0.0603)	(0.0593)	(0.237)	(0.201)	(0.0323)	(0.0313)	(0.0315)	(0.227)	(0.163)	(0.162)	(0.162)	(2,024)	(0.0610)	(0.0603)	(0.0609)
yearc26	0.170	0.0768	0.0567	0.0549	0.0934	0.00400	-0.0126	-0.0131	-0.863***	0.0208	0.0608	0.00885	0.0992	0.0434	0.0233	0.113	0.127	0.0349	0.0191	0.0205	0.119	0.0473	0.0404	0.0514	0.0738	0.0647	0.0553	0.0514
	(0.248)	(0.0761)	(0.0755)	(0.0755)	(0.199)	(0.0301)	(0.0295)	(0.0463)	(0.225)	(0.161)	(0.0679)	(0.160)	(0.237)	(0.0587)	(0.0580)	(0.237)	(0.201)	(0.0306)	(0.0298)	(0.0301)	(0.227)	(0.162)	(0.161)	(0.161)	(2,024)	(0.0592)	(0.0587)	(0.0593)
yearc27	0.141	0.0420	0.0218	0.0222	0.106	0.0134	-0.00230	-0.00259	-0.905***	-0.0210	0.0175	-0.0366	0.0253	-0.0306	-0.0479	0.0445	0.140	0.0446	0.0303	0.0321	0.0773	0.00589	-0.00245	0.00657	0.000339	-0.00883	-0.0170	-0.0166
	(0.248)	(0.0748)	(0.0743)	(0.0743)	(0.199)	(0.0288)	(0.0285)	(0.0456)	(0.225)	(0.161)	(0.0683)	(0.160)	(0.237)	(0.0589)	(0.0585)	(0.237)	(0.200)	(0.0291)	(0.0286)	(0.0289)	(0.227)	(0.162)	(0.161)	(0.161)	(2,024)	(0.0594)	(0.0590)	(0.0597)
yearc28	0.146	0.0460	0.0255	0.0250	0.134	0.0411	0.0253	0.0260	-0.921***	-0.0371	0.000425	-0.0525	0.0909	0.0350	0.0165	0.110	0.170	0.0724**	0.0576**	0.0607**	0.0614	-0.0101	-0.0190	-0.00876	0.0663	0.0571	0.0489	0.0490
	(0.249)	(0.0766)	(0.0762)	(0.0761)	(0.199)	(0.0293)	(0.0291)	(0.0460)	(0.225)	(0.161)	(0.0677)	(0.160)	(0.238)	(0.0601)	(0.0598)	(0.237)	(0.200)	(0.0295)	(0.0292)	(0.0294)	(0.227)	(0.162)	(0.161)	(0.161)	(2,024)	(0.0605)	(0.0602)	(0.0609)
yearc29	0.113	0.0124	0.00496	0.00799	0.113	0.0202	0.00401		-0.921***	-0.0371		-0.0565	0	-0.0560	-0.0761	0.0154	0.148	0.0515	0.0364	0.0337	0.0614	-0.0101	-0.0187	-0.0123	-0.0246	-0.0338	-0.0450	-0.0471
	(0.268)	(0.126)	(0.126)	(0.126)	(0.202)	(0.0447)	(0.0445)		(0.232)	(0.170)		(0.169)	(0.245)	(0.0862)	(0.0859)	(0.245)	(0.203)	(0.0451)	(0.0447)	(0.0448)	(0.233)	(0.171)	(0.170)	(0.170)	(2,024)	(0.0867)	(0.0864)	(0.0869)
yearc34					-0.0695	-0.0804	-0.0817	-0.0854	-0.935***	-0.0806	-0.0849	-0.0641						-0.0387	-0.0434	-0.0481		-0.0701	-0.0871	-0.0659				
					(0.242)	(0.206)	(0.205)	(0.206)	(0.316)	(0.276)	(0.275)	(0.275)						(0.208)	(0.206)	(0.206)		(0.276)	(0.275)	(0.275)				
yearc35					-0.00534	-0.0257	-0.0251	-0.0231		0.853***	0.844***	0.862***					0.0258	-0.0314	-0.0428	-0.0437	0.955***	0.888***	0.882***	0.902***				
					(0.156)	(0.0857)	(0.0847)	(0.0850)		(0.282)	(0.280)	(0.280)					(0.211)	(0.0830)	(0.0812)	(0.0815)	(0.318)	(0.282)	(0.280)	(0.280)				
yearc36					-0.00588	-0.0294	-0.0314	-0.0287	-0.927***	-0.0731	-0.0761	-0.0602					0.0264	-0.0357	-0.0545	-0.0553	0.00641	-0.0631	-0.0711	-0.0570				
					(0.146)	(0.0634)	(0.0620)	(0.0625)	(0.258)	(0.208)	(0.207)	(0.207)					(0.204)	(0.0591)	(0.0567)	(0.0574)	(0.260)	(0.207)	(0.206)	(0.206)				
yearc37					0.126	0.103*	0.103*	0.105*	-0.821***	0.0326	0.0241	0.0466	-0.0938	-0.109	-0.107	-0.111	0.159	0.0987*	0.0853	0.0836	0.103	0.0347	0.0199	0.0398	-0.0914	-0.100	-0.0854	-0.0894
					(0.144)	(0.0596)	(0.0582)	(0.0586)	(0.237)	(0.184)	(0.183)	(0.183)	(1,969)	(0.186)	(0.185)	(0.185)	(0.203)	(0.0553)	(0.0529)	(0.0535)	(0.239)	(0.182)	(0.181)	(0.181)	(2,024)	(0.185)	(0.184)	(0.184)
yearc38	0.558*	0.544***	0.540***	0.533***	0.108	0.0839	0.0816	0.0855	-0.712***	0.142	0.137	0.168	0.247	0.231	0.222	0.227	0.147	0.0851*	0.0690	0.0698	0.220	0.152	0.140	0.167	0.244	0.235	0.223	0.225
	(0.300)	(0.196)	(0.195)	(0.195)	(0.143)	(0.0549)	(0.0532)	(0.0540)	(0.230)	(0.174)	(0.173)	(0.174)	(1,969)	(0.151)	(0.150)	(0.151)	(0.201)	(0.0502)	(0.0475)	(0.0485)	(0.231)	(0.172)	(0.171)	(0.172)	(2,024)	(0.149)	(0.147)	(0.148)
yearc39		0.0591	0.0321	0.0143	0.0711	0.0520	0.0505	0.0511	-0.826***	0.0276	0.0197	0.00777	-0.00389	-0.0193	-0.0203	-0.0192	0.103	0.0488	0.0376	0.0356	0.103	0.0344	0.0203	0.00667	-0.00512	-0.0141	-0.0203	-0.0224
		(0.278)	(0.276)	(0.276)	(0.143)	(0.0579)	(0.0561)	(0.0566)	(0.228)	(0.173)	(0.171)	(0.172)	(1,969)	(0.0960)	(0.0952)	(0.0957)	(0.201)	(0.0542)	(0.0514)	(0.0522)	(0.229)	(0.170)	(0.169)	(0.169)	(2,024)	(0.0903)	(0.0891)	(0.0896)
yearc40	0.0515	0.00344	-0.0275	-0.0243	0.121	0.0974*	0.0954**	0.0969**	-0.809***	0.0447	0.0392	0.0600	0.0174	0.00199	0.00210	-0.0519	0.159	0.0990**	0.0861**	0.0851*	0.122	0.0534	0.0415	0.0586	0.0257	0.0168	0.00856	-0.0485
	(0.283)	(0.161)	(0.159)	(0.159)	(0.141)	(0.0501)	(0.0482)	(0.0488)	(0.226)	(0.170)	(0.169)	(0.169)	(1,969)	(0.0889)	(0.0882)	(0.0916)	(0.200)	(0.0463)	(0.0433)	(0.0442)	(0.228)	(0.168)	(0.166)	(0.166)	(2,024)	(0.0823)	(0.0811)	(0.0847)
yearc41	0.345	0.310***	0.288***	0.204*	0.0767	0.0548	0.0518	0.0538	-0.862***	-0.00844	-0.0165	0.00588	-0.0297	-0.0447	-0.0474	-0.0472	0.110	0.0537	0.0421	0.0429	0.0676	-0.000779	-0.0134	0.00897	-0.0371	-0.0459	-0.0492	-0.0509
	(0.257)	(0.112)	(0.111)	(0.115)	(0.141)	(0.0504)	(0.0481)	(0.0488)	(0.225)	(0.170)	(0.168)	(0.168)	(1,969)	(0.1000)	(0.0986)	(0.0990)	(0.200)	(0.0472)	(0.0440)	(0.0449)	(0.227)	(0.167)	(0.166)	(0.166)	(2,024)	(0.0939)	(0.0924)	(0.0927)
yearc42	0.127	0.0949	0.0713	0.0648	0.0883	0.0633	0.0632	0.0661	-0.783***	0.0710	0.0640	0.0859	0.0352	0.0199	0.0209	0.0206	0.123	0.0625	0.0552	0.0567	0.146	0.0773	0.0667	0.0875	0.0297	0.0208	0.0250	0.0227
	(0.255)	(0.108)	(0.107)	(0.107)	(0.140)	(0.0465)	(0.0447)	(0.0452)	(0.224)	(0.168)	(0.167)	(0.167)	(1,969)	(0.0861)	(0.0852)	(0.0856)	(0.200)	(0.0432)	(0.0405)	(0.0413)	(0.226)	(0.166)	(0.165)	(0.165)	(2,024)	(0.0796)	(0.0786)	(0.0790)
yearc43	0.150	0.122	0.0993	0.0929	0.0659	0.0393	0.0377	0.0400	-0.836***	0.0181	0.0123	0.0330	0.0716	0.0564	0.0557	0.0548	0.101	0.0387	0.0303	0.0313	0.0887	0.0202	0.0116	0.0322	0.0698	0.0610	0.0595	0.0552
	(0.250)	(0.0995)	(0.0974)	(0.0976)	(0.140)	(0.0447)	(0.0429)	(0.0434)	(0.224)	(0.167)	(0.166)	(0.166)	(1,969)	(0.0828)	(0.0816)	(0.0819)	(0.200)	(0.0415)	(0.0388)	(0.0396)	(0.226)	(0.166)	(0.164)	(0.164)	(2,024)	(0.0755)	(0.0741)	(0.0745)
yearc44	0.242	0.217**	0.198**	0.189**	0.0874	0.0598	0.0578	0.0603	-0.848***	0.00565	0.000782	0.0184	0.0462	0.0310	0.0302	0.0305	0.122	0.0592	0.0503	0.0518	0.0743	0.00564	0.000543	0.0180	0.0425	0.0337	0.0314	0.0295
	(0.249)	(0.0963)	(0.0942)	(0.0942)	(0.140)	(0.0433)	(0.0414)	(0.0420)	(0.224)	(0.166)	(0.165)	(0.165)	(1,969)	(0.0782)	(0.0770)	(0.0775)	(0.199)	(0.0403)	(0.0375)	(0.0384)	(0.225)	(0.165)	(0.163)	(0.163)	(2,024)	(0.0711)	(0.0697)	(0.0702)
yearc45	0.253	0.215**	0.196**	0.191**	0.0985	0.0705*	0.0689*	0.0712*	-0.848***	0.00567	-0.000282	0.0213	0.00539	-0.00994	-0.00929	-0.00955	0.135	0.0713*	0.0630*	0.0642*	0.0734	0.00473	-0.00180	0.0200	-0.00669	-0.0156	-0.0109	-0.0135
	(0.246)	(0.0848)	(0.0828)	(0.0830)	(0.140)	(0.0426)	(0.0407)	(0.0413)	(0.224)	(0.166)	(0.165)	(0.165)	(1,969)	(0.0747)	(0.0736)	(0.0741)	(0.199)	(0.0396)	(0.0369)	(0.0378)	(0.225)	(0.164)	(0.163)	(0.163)	(2,024)	(0.0684)	(0.0674)	(0.0679)
yearc46	0.163	0.124	0.106	0.0999	0.0811	0.0511	0.0501	0.0521	-0.839***	0.0149	0.00980	0.0280	0.0320	0.0167	0.0158	0.0175	0.119	0.0535	0.0463	0.0479	0.0865	0.0176	0.0118	0.0303	0.0223	0.0135	0.0152	0.0155
	(0.246)	(0.0831)	(0.0813)	(0.0813)	(0.140)	(0.0404)	(0.0388)	(0.0393)	(0.224)	(0.165)	(0.164)	(0.164)	(1,969)	(0.0742)	(0.0730)	(0.0736)	(0.199)	(0.0379)	(0.0354)	(0.0363)	(0.225)	(0.164)	(0.163)	(0.163)	(2,024)	(0.0681)	(0.0669)	(0.0676)
yearc47	0.154	0.114	0.101	0.0982	0.0832	0.0522	0.0524	0.0545	-0.827***	0.0269	0.0215	0.0388	0.0383	0.0230	0.0226	0.0236	0.121	0.0544	0.0490	0.0505	0.0986	0.0296	0.0245	0.0423	0.0291	0.0202	0.0223	0.0217
	(0.246)	(0.0819)	(0.0803)	(0.0803)	(0.140)	(0.0395)	(0.0381)	(0.0386)	(0.224)	(0.165)	(0.164)	(0.164)	(1,969)	(0.0717)	(0.0706)	(0.0711)	(0.199)	(0.0371)	(0.0349)	(0.0357)	(0.225)	(0.163)	(0.162)	(0.162)	(2,024)	(0.0662)	(0.0649)	(0.0656)
yearc48	0.228	0.184**	0.169**	0.169**	0.0897	0.0586	0.0578	0.0571	-0.828***	0.0257	0.0224	0.0410	0.0319	0.0165	0.0162	0.0158	0.130	0.0638*	0.0573	0.0560	0.0973	0.0282	0.0255	0.0453	0.0267	0.0178	0.0192	0.0171
	(0.245)	(0.0792)	(0.0776)	(0.0778)	(0.140)	(0.0393)	(0.0379)	(0.0384)	(0.224)	(0.164)	(0.163)	(0.163)	(1,969)	(0.0686)	(0.0677)	(0.0682)	(0.199)	(0.0372)	(0.0349)	(0.0357)	(0.225)	(0.163)	(0.162)	(0.162)	(2,024)	(0.0634)	(0.0623)	(0.0629)
yearc49	0.218	0.172**	0.158**	0.148*	0.0861	0.0540	0.0545	0.0561	-0.836***	0.0183	0.0135	0.0324	0.0381	0.0225	0.0221	0.0221	0.125	0.0573	0.0529	0.0539	0.0905	0.0213	0.0173	0.0376	0.0285	0.0195	0.0218	0.0202
	(0.245)	(0.0780)	(0.0764)	(0.0765)	(0.140)	(0.0383)	(0.0370)	(0.0375)	(0.224)	(0.164)	(0.163)	(0.163)	(1,969)	(0.0659)	(0.0652)	(0.0657)	(0.199)	(0.0361)	(0.0340)	(0.0348)	(0.225)	(0.163)	(0.162)	(0.162)	(2,024)	(0.0608)	(0.0599)	(0.0605)
yearc50	0.157	0.110	0.0971	0.0940	0.0845	0.0504	0.0508	0.0521	-0.845***	0.00958	0.00660	0.0240	0.0261	0.0105	0.0115	0.0121	0.124	0.0545	0.0498	0.0507	0.0825	0.0133	0.0111	0.0299	0.0192	0.0103	0.0135	0.0130
	(0.245)	(0.0768)	(0.0753)	(0.0755)	(0.140)	(0.0365)	(0.0352)	(0.0357)	(0.224)	(0.163)	(0.163)	(0.162)	(1,969)	(0.0653)	(0.0646)	(0.0653)	(0.199)	(0.0344)	(0.0325)	(0.0332)	(0.225)	(0.163)	(0.162)	(0.162)	(2,024)	(0.0607)	(0.0599)	(0.0606)
yearc51	0.164	0.114	0.102	0.0995	0.0760	0.0410	0.0414	0.0425	-0.841***	0.0132	0.0103	0.0274	0.0234	0.00780	0.00822	0.00904	0.116	0.0452	0.0408	0.0415	0.0861	0.0168	0.0153	0.0338	0.0173	0.00834	0.0112	0.0107
	(0.245)	(0.0756)	(0.0742)	(0.0743)	(0.140)	(0.0356)	(0.0344)	(0.0349)	(0.224)	(0.163)	(0.162)	(0.162)	(1,969)	(0.0641)	(0.0635)	(0.0640)	(0.199)	(0.0337)	(0.0318)	(0.0325)	(0.225)	(0.162)	(0.161)	(0.161)	(2,024)	(0.0597)	(0.0589)	(0.0595)
yearc52	0.148	0.0947	0.0809	0.0790	0.0820	0.0460	0.0458	0.0474	-0.839***	0.0150	0.0117	0.0273	0.0138	-0.00190	-0.000720	-0.000638	0.122	0.0503	0.0460	0.0473	0.0882	0.0188	0.0171	0.0344	0.00784	-0.00111	0.00264	0.00162
	(0.245)	(0.0740)	(0.0726)	(0.0727)	(0.140)	(0.0346)	(0.0335)	(0.0340)	(0.223)	(0.163)	(0.162)	(0.162)	(1,969)	(0.0627)	(0.0621)	(0.0626)	(0.199)	(0.0326)	(0.0309)	(0.0316)	(0.225)	(0.162)	(0.161)	(0.161)	(2,024)	(0.0585)	(0.0578)	(0.0584)
yearc53	0.144	0.0902	0.0793	0.0763	0.0755	0.0385	0.0392	0.0409	-0.845***	0.00919	0.00656	0.0225	0.00584	-0.00982	-0.00927	-0.00853	0.115	0.0421	0.0390	0.0402	0.0837	0.0141	0.0126	0.0301	-0.000698	-0.00965	-0.00682	-0.00699
	(0.245)	(0.0739)	(0.0726)	(0.0727)	(0.140)	(0.0338)	(0.0329)	(0.0333)	(0.223)	(0.162)	(0.162)	(0.161)	(1,969)	(0.0623)	(0.0617)	(0.0623)	(0.199)	(0.0319)	(0.0303)	(0.0310)	(0.225)	(0.162)	(0.161)	(0.161)	(2,024)	(0.0584)	(0.0576)	(0.0582)
yearc54	0.159	0.104	0.0923	0.0890	0.0741	0.0363	0.0374	0.0385	-0.853***	0.00153	-0.000615	0.0151	0.0199	0.00423	0.00494	0.00490	0.115	0.0410	0.0382	0.0388	0.0763	0.00664	0.00596	0.0232	0.0153	0.00633	0.00913	0.00800
	(0.245)	(0.0731)	(0.0718)	(0.0718)	(0.140)	(0.0330)	(0.0321)	(0.0325)	(0.223)	(0.162)	(0.161)	(0.161)	(1,969)	(0.0609)	(0.0603)	(0.0609)	(0.199)	(0.0312)	(0.0296)	(0.0303)	(0.225)	(0.162)	(0.161)	(0.161)	(2,024)	(0.0571)	(0.0564)	(0.0571)
yearc55	0.177	0.120*	0.108	0.106	0.0705	0.0319	0.0331	0.0342	-0.845***	0.00903	0.00710	0.0233	0.00850	-0.00727	-0.00586	-0.00588	0.111	0.0359	0.0335	0.0342	0.0829	0.0132	0.0128	0.0306	0.00404	-0.00495	-0.00195	-0.00310
	(0.245)	(0.0722)	(0.0709)	(0.0710)	(0.140)	(0.0323)	(0.0315)	(0.0319)	(0.223)	(0.162)	(0.161)	(0.161)	(1,969)	(0.0593)	(0.0588)	(0.0594)	(0.199)	(0.0304)	(0.0290)	(0.0296)	(0.225)	(0.161)	(0.161)	(0.161)	(2,024)	(0.0557)	(0.0551)	(0.0558)
yearc56	0.141	0.0805	0.0687	0.0665	0.0689	0.0291	0.0299	0.0306	-0.848***	0.00622	0.00477	0.0203	0.00887	-0.00694	-0.00582	-0.00613	0.111	0.0349	0.0320	0.0324	0.0815	0.0116	0.0120	0.0293	0.00479	-0.00421	-0.00156	-0.00281
	(0.245)	(0.0711)	(0.0698)	(0.0699)	(0.140)	(0.0313)	(0.0304)	(0.0309)	(0.223)	(0.161)	(0.161)	(0.161)	(1,969)	(0.0584)	(0.0580)	(0.0586)	(0.199)	(0.0295)	(0.0281)	(0.0288)	(0.225)	(0.161)	(0.160)	(0.160)	(2,024)	(0.0549)	(0.0543)	(0.0550)
yearc57	0.142	0.0791	0.0686	0.0642	0.0707	0.0296	0.0310	0.0322	-0.844***	0.0100	0.00883	0.0236	0.0109	-0.00494	-0.00382	-0.00377	0.112	0.0339	0.0322	0.0332	0.0845	0.0146	0.0154	0.0318	0.00513	-0.00388	-0.000646	-0.00149
	(0.245)	(0.0704)	(0.0693)	(0.0694)	(0.140)	(0.0301)	(0.0294)	(0.0298)	(0.223)	(0.161)	(0.161)	(0.161)	(1,969)	(0.0571)	(0.0567)	(0.0573)	(0.199)	(0.0284)	(0.0272)	(0.0278)	(0.225)	(0.161)	(0.160)	(0.160)	(2,024)	(0.0539)	(0.0533)	(0.0540)
yearc58	0.164	0.0988	0.0877	0.0842	0.0740	0.0321	0.0331	0.0340	-0.851***	0.00338	0.00232	0.0163	0.00827	-0.00761	-0.00622	-0.00638	0.117	0.0383	0.0354	0.0360	0.0794	0.00933	0.0101	0.0259	0.00456	-0.00445	-0.00133	-0.00230
	(0.245)	(0.0697)	(0.0686)	(0.0687)	(0.140)	(0.0295)	(0.0288)	(0.0292)	(0.223)	(0.161)	(0.160)	(0.160)	(1,969)	(0.0565)	(0.0561)	(0.0568)	(0.199)	(0.0279)	(0.0267)	(0.0273)	(0.225)	(0.161)	(0.160)	(0.160)	(2,024)	(0.0535)	(0.0529)	(0.0537)
yearc59	0.148	0.0813	0.0705	0.0687	0.0651	0.0221	0.0236	0.0245	-0.853***	0.00104	0.000207	0.0137	0.000515	-0.0154	-0.0144	-0.0141	0.108	0.0272	0.0260	0.0270	0.0760	0.00589	0.00720	0.0224	-0.00355	-0.0126	-0.00993	-0.0105
	(0.245)	(0.0691)	(0.0681)	(0.0682)	(0.140)	(0.0286)	(0.0280)	(0.0284)	(0.223)	(0.161)	(0.160)	(0.160)	(1,969)	(0.0555)	(0.0551)	(0.0558)	(0.199)	(0.0270)	(0.0259)	(0.0265)	(0.225)	(0.161)	(0.160)	(0.160)	(2,024)	(0.0526)	(0.0520)	(0.0528)
yearc60	0.149	0.0804	0.0691	0.0682	0.0692	0.0251	0.0267	0.0271	-0.844***	0.0108	0.00975	0.0235	0.0134	-0.00261	-0.00129	-0.00217	0.113	0.0309	0.0292	0.0296	0.0879	0.0177	0.0187	0.0344	0.0102	0.00119	0.00383	0.00202
	(0.245)	(0.0684)	(0.0674)	(0.0675)	(0.140)	(0.0277)	(0.0271)	(0.0276)	(0.223)	(0.161)	(0.160)	(0.160)	(1,969)	(0.0544)	(0.0541)	(0.0548)	(0.199)	(0.0261)	(0.0251)	(0.0257)	(0.225)	(0.160)	(0.160)	(0.160)	(2,024)	(0.0515)	(0.0510)	(0.0518)
yearc61	0.144	0.0719	0.0614	0.0602	0.0652	0.0202	0.0217	0.0225	-0.850***	0.00469	0.00373	0.0161	0.00498	-0.0110	-0.0102	-0.0102	0.109	0.0262	0.0244	0.0251	0.0813	0.0109	0.0120	0.0262	0.00252	-0.00653	-0.00434	-0.00526
	(0.245)	(0.0676)	(0.0667)	(0.0668)	(0.140)	(0.0270)	(0.0264)	(0.0268)	(0.223)	(0.160)	(0.160)	(0.160)	(1,969)	(0.0536)	(0.0532)	(0.0540)	(0.199)	(0.0254)	(0.0244)	(0.0250)	(0.225)	(0.160)	(0.160)	(0.160)	(2,024)	(0.0510)	(0.0505)	(0.0513)
yearc62	0.149	0.0753	0.0640	0.0638	0.0732	0.0270	0.0283	0.0288	-0.853***	0.00126	0.000355	0.0129	0.00446	-0.0116	-0.0108	-0.0108	0.118	0.0336	0.0317	0.0323	0.0793	0.00887	0.00991	0.0243	0.00269	-0.00637	-0.00495	-0.00596
	(0.245)	(0.0670)	(0.0661)	(0.0661)	(0.140)	(0.0260)	(0.0256)	(0.0259)	(0.223)	(0.160)	(0.160)	(0.159)	(1,969)	(0.0526)	(0.0523)	(0.0530)	(0.199)	(0.0245)	(0.0236)	(0.0242)	(0.225)	(0.160)	(0.159)	(0.159)	(2,024)	(0.0501)	(0.0496)	(0.0504)
yearc63	0.142	0.0641	0.0543	0.0544	0.0690	0.0215	0.0232	0.0233	-0.853***	0.00200	0.00167	0.0142	0.00962	-0.00649	-0.00497	-0.00495	0.114	0.0277	0.0266	0.0268	0.0805	0.00996	0.0118	0.0262	0.00871	-0.000369	0.00175	0.000969
	(0.245)	(0.0661)	(0.0653)	(0.0654)	(0.140)	(0.0251)	(0.0248)	(0.0251)	(0.223)	(0.160)	(0.159)	(0.159)	(1,969)	(0.0513)	(0.0511)	(0.0518)	(0.199)	(0.0237)	(0.0229)	(0.0235)	(0.225)	(0.160)	(0.159)	(0.159)	(2,024)	(0.0491)	(0.0487)	(0.0495)
yearc64	0.152	0.0719	0.0611	0.0614	0.0702	0.0219	0.0236	0.0239	-0.848***	0.00668	0.00657	0.0179	-0.00218	-0.0183	-0.0175	-0.0179	0.116	0.0289	0.0273	0.0279	0.0853	0.0146	0.0168	0.0302	-0.00148	-0.0106	-0.00962	-0.0110
	(0.245)	(0.0654)	(0.0646)	(0.0647)	(0.140)	(0.0246)	(0.0242)	(0.0245)	(0.223)	(0.160)	(0.159)	(0.159)	(1,969)	(0.0507)	(0.0504)	(0.0511)	(0.199)	(0.0232)	(0.0225)	(0.0230)	(0.225)	(0.160)	(0.159)	(0.159)	(2,024)	(0.0485)	(0.0481)	(0.0489)
yearc65	0.151	0.0697	0.0589	0.0582	0.0655	0.0159	0.0177	0.0179	-0.855***	-9.11e-05	-2.19e-05	0.0106	-0.00266	-0.0188	-0.0179	-0.0177	0.111	0.0220	0.0209	0.0215	0.0783	0.00751	0.00982	0.0225	-0.00242	-0.0115	-0.0106	-0.0113
	(0.245)	(0.0651)	(0.0644)	(0.0644)	(0.140)	(0.0237)	(0.0234)	(0.0237)	(0.223)	(0.159)	(0.159)	(0.159)	(1,969)	(0.0499)	(0.0497)	(0.0504)	(0.199)	(0.0224)	(0.0218)	(0.0223)	(0.225)	(0.160)	(0.159)	(0.159)	(2,024)	(0.0479)	(0.0476)	(0.0484)
yearc66	0.146	0.0621	0.0514	0.0513	0.0698	0.0192	0.0211	0.0211	-0.857***	-0.00243	-0.00257	0.00793	0.00151	-0.0147	-0.0142	-0.0143	0.116	0.0266	0.0251	0.0255	0.0775	0.00659	0.00821	0.0209	0.00246	-0.00666	-0.00666	-0.00736
	(0.245)	(0.0645)	(0.0639)	(0.0639)	(0.140)	(0.0230)	(0.0228)	(0.0231)	(0.223)	(0.159)	(0.159)	(0.159)	(1,969)	(0.0491)	(0.0488)	(0.0496)	(0.199)	(0.0219)	(0.0213)	(0.0217)	(0.225)	(0.160)	(0.159)	(0.159)	(2,024)	(0.0472)	(0.0468)	(0.0477)
yearc67	0.148	0.0598	0.0484	0.0490	0.0721	0.0200	0.0216	0.0212	-0.850***	0.00476	0.00465	0.0143	0.00433	-0.0119	-0.0113	-0.0114	0.119	0.0277	0.0259	0.0260	0.0841	0.0130	0.0150	0.0269	0.00554	-0.00359	-0.00359	-0.00461
	(0.245)	(0.0639)	(0.0633)	(0.0633)	(0.140)	(0.0222)	(0.0220)	(0.0223)	(0.223)	(0.159)	(0.159)	(0.159)	(1,969)	(0.0482)	(0.0481)	(0.0488)	(0.199)	(0.0211)	(0.0206)	(0.0211)	(0.225)	(0.159)	(0.159)	(0.159)	(2,024)	(0.0466)	(0.0463)	(0.0471)
yearc68	0.148	0.0577	0.0470	0.0475	0.0685	0.0155	0.0169	0.0172	-0.850***	0.00520	0.00529	0.0137	0.0119	-0.00440	-0.00341	-0.00315	0.116	0.0238	0.0218	0.0227	0.0859	0.0148	0.0166	0.0274	0.0147	0.00554	0.00554	0.00510
	(0.245)	(0.0635)	(0.0630)	(0.0630)	(0.140)	(0.0217)	(0.0215)	(0.0218)	(0.223)	(0.159)	(0.159)	(0.158)	(1,969)	(0.0476)	(0.0474)	(0.0482)	(0.199)	(0.0207)	(0.0203)	(0.0207)	(0.225)	(0.159)	(0.159)	(0.159)	(2,024)	(0.0462)	(0.0458)	(0.0467)
yearc69	0.142	0.0509	0.0402	0.0397	0.0663	0.0125	0.0143	0.0143	-0.855***	-0.000115	0.000687	0.00936	-0.00233	-0.0187	-0.0183	-0.0185	0.114	0.0202	0.0187	0.0193	0.0804	0.00923	0.0119	0.0228	-6.03e-06	-0.00915	-0.0102	-0.0112
	(0.245)	(0.0634)	(0.0629)	(0.0629)	(0.140)	(0.0213)	(0.0211)	(0.0215)	(0.223)	(0.159)	(0.158)	(0.158)	(1,969)	(0.0471)	(0.0469)	(0.0477)	(0.199)	(0.0205)	(0.0201)	(0.0205)	(0.225)	(0.159)	(0.159)	(0.159)	(2,024)	(0.0458)	(0.0455)	(0.0464)
yearc70	0.149	0.0548	0.0443	0.0453	0.0693	0.0146	0.0164	0.0165	-0.850***	0.00450	0.00541	0.0140	0.0113	-0.00510	-0.00438	-0.00491	0.118	0.0234	0.0218	0.0226	0.0864	0.0151	0.0181	0.0292	0.0142	0.00501	0.00450	0.00355
	(0.245)	(0.0629)	(0.0624)	(0.0625)	(0.140)	(0.0208)	(0.0207)	(0.0210)	(0.223)	(0.159)	(0.158)	(0.158)	(1,969)	(0.0465)	(0.0464)	(0.0472)	(0.199)	(0.0202)	(0.0198)	(0.0202)	(0.225)	(0.159)	(0.159)	(0.159)	(2,024)	(0.0454)	(0.0452)	(0.0460)
yearc71	0.155	0.0585	0.0479	0.0491	0.0678	0.0123	0.0137	0.0135	-0.852***	0.00236	0.00302	0.0107	0.00776	-0.00868	-0.00769	-0.00762	0.117	0.0213	0.0195	0.0198	0.0837	0.0123	0.0152	0.0254	0.0112	0.00206	0.00151	0.000858
	(0.245)	(0.0627)	(0.0622)	(0.0623)	(0.140)	(0.0205)	(0.0204)	(0.0207)	(0.223)	(0.159)	(0.158)	(0.158)	(1,969)	(0.0460)	(0.0459)	(0.0467)	(0.199)	(0.0199)	(0.0196)	(0.0200)	(0.225)	(0.159)	(0.159)	(0.159)	(2,024)	(0.0451)	(0.0448)	(0.0457)
yearc72	0.159	0.0609	0.0510	0.0523	0.0712	0.0148	0.0166	0.0165	-0.854***	0.000501	0.00157	0.00982	0.00310	-0.0134	-0.0119	-0.0116	0.121	0.0251	0.0236	0.0242	0.0832	0.0117	0.0148	0.0256	0.00683	-0.00235	-0.00226	-0.00247
	(0.245)	(0.0625)	(0.0621)	(0.0621)	(0.140)	(0.0202)	(0.0201)	(0.0204)	(0.223)	(0.158)	(0.158)	(0.158)	(1,969)	(0.0457)	(0.0457)	(0.0465)	(0.199)	(0.0197)	(0.0194)	(0.0198)	(0.225)	(0.159)	(0.159)	(0.158)	(2,024)	(0.0449)	(0.0447)	(0.0456)
yearc73	0.144	0.0448	0.0356	0.0366	0.0680	0.0109	0.0130	0.0125	-0.852***	0.00274	0.00445	0.0119	0.00716	-0.00933	-0.00904	-0.00982	0.119	0.0217	0.0207	0.0209	0.0851	0.0135	0.0173	0.0272	0.0114	0.00225	0.000931	-0.000514
	(0.245)	(0.0624)	(0.0621)	(0.0621)	(0.140)	(0.0200)	(0.0199)	(0.0202)	(0.223)	(0.158)	(0.158)	(0.158)	(1,969)	(0.0454)	(0.0453)	(0.0461)	(0.199)	(0.0196)	(0.0194)	(0.0197)	(0.225)	(0.159)	(0.159)	(0.158)	(2,024)	(0.0447)	(0.0445)	(0.0454)
yearc74	0.145	0.0437	0.0345	0.0363	0.0625	0.00473	0.00682	0.00651	-0.856***	-0.000738	0.000652	0.00811	0.00185	-0.0147	-0.0138	-0.0132	0.113	0.0150	0.0139	0.0144	0.0814	0.00982	0.0137	0.0239	0.00567	-0.00353	-0.00393	-0.00359
	(0.245)	(0.0623)	(0.0620)	(0.0620)	(0.140)	(0.0198)	(0.0198)	(0.0200)	(0.223)	(0.158)	(0.158)	(0.158)	(1,969)	(0.0452)	(0.0451)	(0.0459)	(0.199)	(0.0194)	(0.0193)	(0.0196)	(0.225)	(0.159)	(0.159)	(0.158)	(2,024)	(0.0447)	(0.0445)	(0.0453)
yearc75	0.142	0.0389	0.0300	0.0298	0.0677	0.00919	0.0113	0.0112	-0.859***	-0.00407	-0.00200	0.00534	-0.0108	-0.0274	-0.0261	-0.0262	0.117	0.0182	0.0179	0.0188	0.0778	0.00614	0.0113	0.0219	-0.00810	-0.0173	-0.0168	-0.0173
	(0.245)	(0.0622)	(0.0619)	(0.0619)	(0.140)	(0.0196)	(0.0196)	(0.0199)	(0.224)	(0.158)	(0.158)	(0.158)	(1,969)	(0.0449)	(0.0449)	(0.0457)	(0.199)	(0.0194)	(0.0192)	(0.0195)	(0.225)	(0.159)	(0.159)	(0.158)	(2,024)	(0.0445)	(0.0444)	(0.0452)
yearc76	0.136	0.0315	0.0242	0.0263	0.0740	0.0143	0.0167	0.0161	-0.860***	-0.00484	-0.00218	0.00374	-0.00214	-0.0188	-0.0174	-0.0171	0.123	0.0233	0.0241	0.0246	0.0762	0.00443	0.0108	0.0201	0.000305	-0.00891	-0.00836	-0.00809
	(0.245)	(0.0622)	(0.0620)	(0.0620)	(0.140)	(0.0194)	(0.0194)	(0.0197)	(0.224)	(0.158)	(0.158)	(0.158)	(1,969)	(0.0446)	(0.0446)	(0.0454)	(0.199)	(0.0193)	(0.0192)	(0.0195)	(0.225)	(0.159)	(0.159)	(0.158)	(2,024)	(0.0444)	(0.0443)	(0.0451)
yearc77	0.137	0.0300	0.0237	0.0244	0.0674	0.00728	0.00888	0.00791	-0.864***	-0.00927	-0.00693	-0.00248	-0.00236	-0.0190	-0.0175	-0.0185	0.114	0.0132	0.0135	0.0134	0.0700	-0.00183	0.00446	0.0119	-0.00316	-0.0124	-0.0110	-0.0124
	(0.245)	(0.0623)	(0.0621)	(0.0621)	(0.140)	(0.0195)	(0.0195)	(0.0197)	(0.224)	(0.158)	(0.158)	(0.158)	(1,969)	(0.0446)	(0.0446)	(0.0454)	(0.199)	(0.0194)	(0.0193)	(0.0196)	(0.225)	(0.159)	(0.159)	(0.158)	(2,024)	(0.0445)	(0.0444)	(0.0452)
yearc78	0.153	0.0430	0.0375	0.0409	0.0563	-0.00448	-0.00206	-0.00226	-0.863***	-0.00787	-0.00496	-8.09e-05	-0.00319	-0.0199	-0.0178	-0.0193	0.101	-0.000124	0.00133	0.00192	0.0696	-0.00235	0.00448	0.0129	-0.00456	-0.0138	-0.0123	-0.0139
	(0.245)	(0.0624)	(0.0622)	(0.0623)	(0.140)	(0.0195)	(0.0195)	(0.0198)	(0.224)	(0.158)	(0.158)	(0.158)	(1,969)	(0.0447)	(0.0447)	(0.0455)	(0.199)	(0.0195)	(0.0194)	(0.0197)	(0.225)	(0.159)	(0.159)	(0.158)	(2,024)	(0.0447)	(0.0446)	(0.0454)
yearc79	0.124	0.0118	0.00704	0.00959	0.0600	-0.00188	0.000861	0.000740	-0.859***	-0.00425	-0.00173	0.00385	-0.0195	-0.0362	-0.0343	-0.0342	0.104	0.00171	0.00373	0.00449	0.0721	9.03e-05	0.00720	0.0158	-0.0211	-0.0304	-0.0290	-0.0287
	(0.245)	(0.0628)	(0.0627)	(0.0627)	(0.140)	(0.0195)	(0.0195)	(0.0198)	(0.224)	(0.158)	(0.158)	(0.158)	(1,969)	(0.0447)	(0.0447)	(0.0455)	(0.199)	(0.0196)	(0.0195)	(0.0198)	(0.225)	(0.159)	(0.159)	(0.159)	(2,024)	(0.0448)	(0.0447)	(0.0455)
yearc80	0.126	0.0126	0.00816	0.0109	0.0599	-0.00213	-0.000263	-0.00129	-0.871***	-0.0162	-0.0133	-0.00800	-0.00701	-0.0237	-0.0220	-0.0214	0.103	-0.000425	0.00122	0.00101	0.0590	-0.0131	-0.00499	0.00318	-0.0109	-0.0201	-0.0188	-0.0176
	(0.245)	(0.0633)	(0.0631)	(0.0631)	(0.140)	(0.0198)	(0.0198)	(0.0201)	(0.224)	(0.158)	(0.158)	(0.158)	(1,969)	(0.0452)	(0.0452)	(0.0460)	(0.199)	(0.0199)	(0.0198)	(0.0201)	(0.225)	(0.159)	(0.159)	(0.159)	(2,024)	(0.0453)	(0.0452)	(0.0460)
yearc81	0.109	-0.00486	-0.00635	-0.00334	0.0565	-0.00506	-0.00310	-0.00267	-0.870***	-0.0150	-0.0114	-0.00605	-0.0220	-0.0387	-0.0356	-0.0363	0.0958	-0.00738	-0.00314	-0.00260	0.0572	-0.0149	-0.00511	0.00308	-0.0286	-0.0379	-0.0333	-0.0341
	(0.246)	(0.0654)	(0.0653)	(0.0653)	(0.140)	(0.0206)	(0.0206)	(0.0209)	(0.224)	(0.159)	(0.158)	(0.158)	(1,969)	(0.0469)	(0.0469)	(0.0477)	(0.199)	(0.0207)	(0.0206)	(0.0209)	(0.225)	(0.160)	(0.159)	(0.159)	(2,024)	(0.0470)	(0.0469)	(0.0478)
yearc82	0.113				0.0628				-0.863***	-0.00741	-0.00102	0.00306	0.0168				0.102				0.0602	-0.0119	0.00235	0.00983	0.00925			
	(0.252)				(0.141)				(0.226)	(0.161)	(0.161)	(0.161)	(1,969)				(0.200)				(0.227)	(0.162)	(0.162)	(0.162)	(2,024)			
country1					-0.0305***	-0.0381***	-0.0282***	-0.0287***	-0.0415***	-0.0412***	-0.0288**	-0.0324***	-0.0394***	-0.0398**	-0.0276	-0.0286*												
					(0.00403)	(0.00918)	(0.00751)	(0.00756)	(0.00773)	(0.0136)	(0.0117)	(0.0116)	(0.0135)	(0.0192)	(0.0175)	(0.0173)												
country2					-0.00417	-0.00346	-0.0180***	-0.0214***	0.00156	0.00154	-0.0148**	-0.0187***	0.00798	0.00799	-0.00941	-0.0118												
					(0.00413)	(0.00420)	(0.00456)	(0.00476)	(0.00573)	(0.00578)	(0.00619)	(0.00632)	(0.00713)	(0.00713)	(0.00778)	(0.00795)												
country3					0.0498***	0.0547***	0.0407***	0.0352***	0.0589***	0.0588***	0.0460***	0.0415***	0.0376***	0.0377***	0.0251***	0.0211**												
					(0.00560)	(0.00770)	(0.00610)	(0.00601)	(0.00735)	(0.00936)	(0.00788)	(0.00787)	(0.00873)	(0.0103)	(0.00903)	(0.00906)												
country4					-0.00971***	-0.00665	-0.00884**	-0.00881*	-0.0150***	-0.0152**	-0.0191***	-0.0177***	-0.0102*	-0.0100	-0.0154**	-0.0147**												
					(0.00362)	(0.00490)	(0.00450)	(0.00450)	(0.00490)	(0.00654)	(0.00598)	(0.00595)	(0.00615)	(0.00813)	(0.00736)	(0.00739)												
country5					-0.0287***	-0.0290***	-0.0345***	-0.0364***	-0.0360***	-0.0360***	-0.0423***	-0.0460***	-0.0560***	-0.0560***	-0.0641***	-0.0674***												
					(0.00696)	(0.00697)	(0.00712)	(0.00730)	(0.00999)	(0.00999)	(0.0101)	(0.0103)	(0.0132)	(0.0134)	(0.0133)	(0.0135)												
country6					0.0533***	0.0574***	0.0426***	0.0340***	0.0569***	0.0568***	0.0429***	0.0344***	0.0542***	0.0543***	0.0414***	0.0346***												
					(0.00408)	(0.00606)	(0.00436)	(0.00433)	(0.00541)	(0.00723)	(0.00568)	(0.00573)	(0.00663)	(0.00833)	(0.00690)	(0.00700)												
country7					0.00441	0.00420	-0.00799	-0.00953	0.0135	0.0135	0.00248	-0.000146	0.0206	0.0206	0.00979	0.00950												
					(0.00818)	(0.00818)	(0.00859)	(0.00878)	(0.0110)	(0.0110)	(0.0113)	(0.0115)	(0.0136)	(0.0136)	(0.0139)	(0.0140)												
country8					-0.00939*	-0.00705	-0.0193***	-0.0202***	-0.00923	-0.00930	-0.0224***	-0.0229***	-0.00961	-0.00956	-0.0228**	-0.0229**												
					(0.00567)	(0.00621)	(0.00572)	(0.00575)	(0.00754)	(0.00790)	(0.00761)	(0.00766)	(0.00916)	(0.00941)	(0.00926)	(0.00934)												
country9					0.0156**	0.0213**	0.0165**	0.0158**	-0.00192	-0.00213	-0.00588	-0.00638	0.0204**	0.0207	0.0189	0.0170												
					(0.00607)	(0.00867)	(0.00782)	(0.00782)	(0.00781)	(0.0108)	(0.0101)	(0.00998)	(0.00949)	(0.0128)	(0.0121)	(0.0120)												
country10					0.0274***	0.0334***	0.0196***	0.0145**	0.0303***	0.0301***	0.0172**	0.0129*	0.0131*	0.0133	0.00250	-0.00140												
					(0.00493)	(0.00818)	(0.00608)	(0.00589)	(0.00632)	(0.0101)	(0.00792)	(0.00772)	(0.00770)	(0.0115)	(0.00939)	(0.00924)												
country11					-0.0335***	-0.0350***	-0.0354***	-0.0372***	-0.0411***	-0.0410***	-0.0421***	-0.0450***	-0.0430***	-0.0430***	-0.0456***	-0.0468***												
					(0.00344)	(0.00378)	(0.00385)	(0.00403)	(0.00490)	(0.00523)	(0.00536)	(0.00554)	(0.00647)	(0.00668)	(0.00694)	(0.00713)												
country12					-0.0217**	-0.0178	-0.0325***	-0.0381***	-0.0309**	-0.0310**	-0.0440***	-0.0496***	-0.0127	-0.0126	-0.0249	-0.0294*												
					(0.0105)	(0.0113)	(0.0107)	(0.0107)	(0.0141)	(0.0147)	(0.0142)	(0.0142)	(0.0163)	(0.0171)	(0.0165)	(0.0166)												
country13					0.00311	0.00700	0.00670	0.00505	-0.0102	-0.0104	-0.00959	-0.00636	-0.0133	-0.0132	-0.0116	-0.0122												
					(0.00787)	(0.00892)	(0.00880)	(0.00909)	(0.0101)	(0.0115)	(0.0115)	(0.0118)	(0.0130)	(0.0139)	(0.0140)	(0.0142)												
country14					0.0160**	0.0167***	0.00492	0.00855	0.0246***	0.0246***	0.0148*	0.0245**	0.0110	0.0110	0.000859	0.00334												
					(0.00634)	(0.00639)	(0.00658)	(0.00792)	(0.00808)	(0.00808)	(0.00842)	(0.0101)	(0.00979)	(0.00979)	(0.0103)	(0.0120)												
country15					-0.0294***	-0.0352***	-0.0363***	-0.0391***	-0.0388***	-0.0385***	-0.0387***	-0.0450***	-0.0319***	-0.0322**	-0.0355**	-0.0383**												
					(0.00450)	(0.00770)	(0.00784)	(0.00841)	(0.00618)	(0.0106)	(0.0108)	(0.0114)	(0.00818)	(0.0135)	(0.0143)	(0.0149)												
country16					-0.0228***	-0.0223***	-0.0235***	-0.0288***	-0.0229***	-0.0229***	-0.0259***	-0.0318***	-0.0258***	-0.0258***	-0.0297***	-0.0322***												
					(0.00302)	(0.00307)	(0.00313)	(0.00331)	(0.00422)	(0.00423)	(0.00453)	(0.00478)	(0.00530)	(0.00534)	(0.00614)	(0.00648)												
country17					0.00771*	0.00479	-0.00946	-0.0162**	0.0184***	0.0186***	0.00491	-0.00439	0.0253***	0.0252***	0.0105	0.00562												
					(0.00414)	(0.00520)	(0.00704)	(0.00763)	(0.00543)	(0.00672)	(0.00871)	(0.00914)	(0.00651)	(0.00856)	(0.0110)	(0.0116)												
country18					-0.0181**	-0.0130	-0.0177*	-0.0126	-0.0191*	-0.0193	-0.0205*	-0.0180	-0.0355***	-0.0353**	-0.0351**	-0.0371**												
					(0.00845)	(0.0101)	(0.00940)	(0.0102)	(0.0106)	(0.0129)	(0.0122)	(0.0127)	(0.0136)	(0.0163)	(0.0157)	(0.0162)												
country19					0.0184***	0.0204***	0.0141**	0.0115*	-0.00233	-0.00240	-0.00781	-0.01000	0.00334	0.00341	-0.00204	-0.00425												
					(0.00600)	(0.00638)	(0.00609)	(0.00612)	(0.00776)	(0.00813)	(0.00785)	(0.00789)	(0.00937)	(0.00976)	(0.00948)	(0.00955)												
country20					-0.0192***	-0.0176***	-0.0305***	-0.0336***	-0.0310***	-0.0310***	-0.0456***	-0.0489***	-0.0365***	-0.0365***	-0.0537***	-0.0551***												
					(0.00499)	(0.00529)	(0.00515)	(0.00527)	(0.00675)	(0.00700)	(0.00698)	(0.00709)	(0.00836)	(0.00867)	(0.00864)	(0.00875)												
country21					0.0718***	0.0779***	0.0638***	0.0563***	0.0476***	0.0474***	0.0328***	0.0268***	0.0463***	0.0465***	0.0337***	0.0277***												
					(0.00577)	(0.00875)	(0.00679)	(0.00658)	(0.00739)	(0.0100)	(0.00822)	(0.00810)	(0.00886)	(0.0111)	(0.00952)	(0.00949)												
country22					0.00934**	0.0114**	0.00103	-0.00254	0.0111*	0.0111*	0.000793	-0.00187	0.0156**	0.0157*	0.00468	0.00115												
					(0.00466)	(0.00515)	(0.00469)	(0.00475)	(0.00618)	(0.00652)	(0.00623)	(0.00631)	(0.00758)	(0.00806)	(0.00765)	(0.00775)												
country23					-0.0295***	-0.0242***	-0.0277***	-0.0299***	-0.0369***	-0.0371***	-0.0425***	-0.0429***	-0.0340***	-0.0338***	-0.0394***	-0.0392***												
					(0.00406)	(0.00699)	(0.00635)	(0.00612)	(0.00568)	(0.00909)	(0.00839)	(0.00806)	(0.00722)	(0.0115)	(0.0106)	(0.0104)												
country24					-0.0185***	-0.0228***	-0.0346***	-0.0359***	-0.0167***	-0.0166**	-0.0300***	-0.0341***	-0.0122**	-0.0124	-0.0291**	-0.0293**												
					(0.00294)	(0.00546)	(0.00732)	(0.00743)	(0.00402)	(0.00790)	(0.0103)	(0.0102)	(0.00508)	(0.0102)	(0.0134)	(0.0133)												
country25					-0.0306***	-0.0384***	-0.0280***	-0.0282***	-0.0446***	-0.0444***	-0.0315**	-0.0338***	-0.0416***	-0.0419**	-0.0290*	-0.0289*												
					(0.00614)	(0.0104)	(0.00892)	(0.00885)	(0.0103)	(0.0141)	(0.0126)	(0.0124)	(0.0140)	(0.0182)	(0.0167)	(0.0165)												
country26					-0.0170***	-0.0147***	-0.0162***	-0.0180***	-0.0213***	-0.0213***	-0.0226***	-0.0239***	-0.0129*	-0.0128*	-0.0138*	-0.0155**												
					(0.00418)	(0.00488)	(0.00474)	(0.00472)	(0.00557)	(0.00607)	(0.00596)	(0.00593)	(0.00683)	(0.00723)	(0.00712)	(0.00713)												
country27					-0.0332***	-0.0378***	-0.0275***	-0.0272***	-0.0435***	-0.0433***	-0.0304***	-0.0318***	-0.0437***	-0.0440***	-0.0309**	-0.0304**												
					(0.00648)	(0.00817)	(0.00721)	(0.00719)	(0.00976)	(0.0119)	(0.0107)	(0.0107)	(0.0137)	(0.0163)	(0.0150)	(0.0150)												
country28					-0.0258**	-0.0236*	-0.0216*	-0.0246*	-0.00333	-0.00340	-0.00104	-0.0135	-0.00857	-0.00856	-0.00424	-0.0142												
					(0.0124)	(0.0126)	(0.0127)	(0.0129)	(0.0160)	(0.0162)	(0.0163)	(0.0167)	(0.0205)	(0.0205)	(0.0206)	(0.0211)												
country29					0.00789*	0.0121*	0.00304	0.00254	-0.00423	-0.00440	-0.0141*	-0.0147*	-0.00310	-0.00290	-0.0124	-0.0149												
					(0.00462)	(0.00649)	(0.00553)	(0.00564)	(0.00634)	(0.00874)	(0.00771)	(0.00785)	(0.00782)	(0.0110)	(0.00988)	(0.0101)												
country30					0.0521***	0.0557***	0.0468***	0.0455***	0.0472***	0.0470***	0.0378***	0.0369***	0.0311***	0.0312***	0.0227***	0.0217***												
					(0.00381)	(0.00548)	(0.00441)	(0.00430)	(0.00514)	(0.00655)	(0.00561)	(0.00554)	(0.00634)	(0.00772)	(0.00684)	(0.00679)												
country31					0.0585***	0.0643***	0.0506***	0.0426***	0.0554***	0.0552***	0.0417***	0.0357***	0.0530***	0.0532***	0.0428***	0.0374***												
					(0.00394)	(0.00734)	(0.00512)	(0.00487)	(0.00513)	(0.00848)	(0.00636)	(0.00615)	(0.00620)	(0.00932)	(0.00729)	(0.00717)												
country32					-0.0247***	-0.0308***	-0.0182**	-0.0197**	-0.0270*	-0.0268	-0.0117	-0.0143	-0.0373	-0.0374	-0.0227	-0.0234												
					(0.00737)	(0.00986)	(0.00867)	(0.00872)	(0.0151)	(0.0165)	(0.0158)	(0.0158)	(0.0240)	(0.0249)	(0.0246)	(0.0246)												
country33					-0.0288***	-0.0275***	-0.0399***	-0.0463***	-0.0379***	-0.0379***	-0.0491***	-0.0576***	-0.0356***	-0.0356***	-0.0479***	-0.0521***												
					(0.00395)	(0.00418)	(0.00439)	(0.00473)	(0.00552)	(0.00566)	(0.00610)	(0.00640)	(0.00697)	(0.00697)	(0.00825)	(0.00860)												
country34					0.0181***	0.0223***	0.00975*	0.00736	0.0198***	0.0197**	0.00706	0.00544	0.0178**	0.0180*	0.00570	0.00427												
					(0.00452)	(0.00641)	(0.00500)	(0.00501)	(0.00602)	(0.00797)	(0.00659)	(0.00659)	(0.00737)	(0.00961)	(0.00815)	(0.00816)												
country35					-0.0181**	-0.0210**	-0.0241**	-0.0214*	-0.0339***	-0.0338***	-0.0378***	-0.0395***	-0.0252*	-0.0253*	-0.0259*	-0.0341**												
					(0.00909)	(0.00960)	(0.00979)	(0.0109)	(0.0118)	(0.0121)	(0.0125)	(0.0135)	(0.0140)	(0.0148)	(0.0151)	(0.0163)												
country36					-0.0328			-0.00134	0.0289		-0.0563		-0.0393			-0.0929												
					(0.242)			(0.0447)	(0.316)		(0.169)		(1,969)			(0.238)												
country37					-0.0337***	-0.0337***	-0.0393***	-0.0418***	-0.0390***	-0.0390***	-0.0446***	-0.0487***	-0.0377***	-0.0377***	-0.0450***	-0.0464***												
					(0.00357)	(0.00357)	(0.00393)	(0.00417)	(0.00487)	(0.00487)	(0.00539)	(0.00563)	(0.00609)	(0.00610)	(0.00688)	(0.00713)												
country38					0.114***	0.116***	0.101***	0.0936***	0.118***	0.118***	0.105***	0.0948***	0.119***	0.119***	0.106***	0.0994***												
					(0.00470)	(0.00519)	(0.00481)	(0.00508)	(0.00622)	(0.00659)	(0.00636)	(0.00662)	(0.00751)	(0.00763)	(0.00787)	(0.00824)												
country39					0.0380***	0.0447***	0.0381***	0.0343***	0.0363***	0.0360***	0.0297***	0.0272***	0.0396***	0.0398***	0.0323***	0.0302***												
					(0.00508)	(0.00878)	(0.00752)	(0.00734)	(0.00648)	(0.00986)	(0.00864)	(0.00851)	(0.00775)	(0.0114)	(0.0101)	(0.00995)												
country40					-0.0181***	-0.0192***	-0.0223***	-0.0217***	-0.0230***	-0.0229***	-0.0275***	-0.0280***	-0.0185***	-0.0185***	-0.0255***	-0.0239***												
					(0.00322)	(0.00345)	(0.00398)	(0.00401)	(0.00445)	(0.00454)	(0.00525)	(0.00527)	(0.00556)	(0.00563)	(0.00663)	(0.00663)												
country41					0.0277***	0.0332***	0.0260***	0.0233***	0.0215***	0.0214**	0.0127*	0.00935	0.0389***	0.0391***	0.0319***	0.0309***												
					(0.00433)	(0.00735)	(0.00615)	(0.00593)	(0.00599)	(0.00891)	(0.00769)	(0.00746)	(0.00720)	(0.01000)	(0.00879)	(0.00860)												
country42					0.0237***	0.0266***	0.0145***	0.00784	0.0461***	0.0460***	0.0362***	0.0289***	0.0412***	0.0413***	0.0304***	0.0255***												
					(0.00539)	(0.00621)	(0.00546)	(0.00555)	(0.00703)	(0.00755)	(0.00711)	(0.00724)	(0.00848)	(0.00896)	(0.00860)	(0.00880)												
country43					0.00368	0.00643	0.000213	-0.00305	-0.00599	-0.00608	-0.0128**	-0.0163***	-6.48e-05	1.94e-05	-0.00667	-0.00921												
					(0.00410)	(0.00506)	(0.00447)	(0.00441)	(0.00555)	(0.00645)	(0.00590)	(0.00585)	(0.00678)	(0.00752)	(0.00705)	(0.00704)												
country44					0.0358***	0.0396***	0.0256***	0.0209**	0.0290***	0.0289***	0.0156	0.0101	0.0321***	0.0322**	0.0195	0.0138												
					(0.00809)	(0.00906)	(0.00819)	(0.00818)	(0.0103)	(0.0112)	(0.0104)	(0.0104)	(0.0119)	(0.0126)	(0.0120)	(0.0121)												
country45					-0.0290***	-0.0306***	-0.0365***	-0.0378***	-0.0407***	-0.0407***	-0.0475***	-0.0520***	-0.0438***	-0.0438***	-0.0509***	-0.0516***												
					(0.00559)	(0.00586)	(0.00635)	(0.00652)	(0.00849)	(0.00854)	(0.00895)	(0.00909)	(0.0110)	(0.0110)	(0.0114)	(0.0116)												
country46					0.0143***	0.0177***	0.0119**	0.0115**	0.0113*	0.0112	0.00518	0.00544	0.0105	0.0106	0.00569	0.00562												
					(0.00453)	(0.00580)	(0.00512)	(0.00515)	(0.00598)	(0.00724)	(0.00664)	(0.00661)	(0.00722)	(0.00829)	(0.00780)	(0.00782)												
educmale1				0.0166*				0.00596				0.0198***				-0.000689				0.00206				0.0157***				-0.00247
				(0.00854)				(0.00488)				(0.00642)				(0.00731)				(0.00457)				(0.00601)				(0.00694)
educmale2				0.00299				-0.00123				0.0119*				-0.0102				-0.00938**				0.00243				-0.0177**
				(0.00857)				(0.00455)				(0.00615)				(0.00712)				(0.00442)				(0.00596)				(0.00694)
educmale3				-0.00530				-0.00782*				0.00263				-0.0119*				-0.0164***				-0.00569				-0.0190***
				(0.00905)				(0.00435)				(0.00594)				(0.00716)				(0.00430)				(0.00583)				(0.00726)
educmale4				-0.00548				-0.0104**				-0.00166				-0.0191**				-0.0181***				-0.00847				-0.0235***
				(0.0111)				(0.00474)				(0.00662)				(0.00836)				(0.00477)				(0.00659)				(0.00865)
educfyrs1				0.0619				0.0130				-0.000341				0.0226				0.0121				0.00999				0.0556
				(0.173)				(0.115)				(0.158)				(0.234)				(0.115)				(0.159)				(0.235)
educfyrs2				0.0632				0.00978				-0.00910				0.0303				0.0101				0.000989				0.0627
				(0.174)				(0.115)				(0.158)				(0.234)				(0.115)				(0.159)				(0.236)
educfyrs3				0.0475				0.00506				-0.0121				0.0181				0.00490				-0.00243				0.0497
				(0.174)				(0.115)				(0.158)				(0.234)				(0.115)				(0.159)				(0.235)
educfyrs4				0.0554				0.00146				-0.0109				0.0120				0.00131				-0.00192				0.0436
				(0.173)				(0.115)				(0.158)				(0.234)				(0.115)				(0.159)				(0.235)
educfyrs5				0.0430				0.000233				-0.0141				0.0149				-0.000597				-0.00572				0.0459
				(0.173)				(0.115)				(0.158)				(0.234)				(0.115)				(0.158)				(0.235)
educfyrs6				0.0471				-0.00235				-0.0121				0.0119				-0.00374				-0.00362				0.0432
				(0.173)				(0.115)				(0.158)				(0.234)				(0.115)				(0.158)				(0.235)
educfyrs7				0.0484				-0.00638				-0.0175				0.00206				-0.00576				-0.00740				0.0355
				(0.173)				(0.115)				(0.158)				(0.234)				(0.115)				(0.158)				(0.235)
educfyrs8				0.0392				-0.00472				-0.0170				0.0104				-0.00728				-0.0116				0.0395
				(0.173)				(0.115)				(0.158)				(0.234)				(0.115)				(0.158)				(0.235)
educfyrs9				0.0442				-0.00832				-0.0234				0.0105				-0.00758				-0.0131				0.0452
				(0.173)				(0.115)				(0.158)				(0.234)				(0.115)				(0.158)				(0.235)
educfyrs10				0.0421				-0.00976				-0.0172				0.00906				-0.00939				-0.00908				0.0405
				(0.173)				(0.114)				(0.158)				(0.234)				(0.115)				(0.158)				(0.235)
educfyrs11				0.0295				-0.0117				-0.0245				-0.00333				-0.00389				-0.00811				0.0358
				(0.173)				(0.114)				(0.158)				(0.234)				(0.115)				(0.158)				(0.235)
educfyrs12				0.0393				-0.0106				-0.0154				0.00282				-0.0126				-0.00732				0.0359
				(0.174)				(0.114)				(0.158)				(0.234)				(0.115)				(0.158)				(0.235)
educfyrs13				0.0395				-0.00700				-0.0200				-0.00536				-0.0157				-0.0177				0.0202
				(0.174)				(0.114)				(0.158)				(0.234)				(0.115)				(0.158)				(0.235)
educfyrs14				0.00998				-0.0138				-0.0188				-0.00400				-0.0123				-0.00803				0.0293
				(0.175)				(0.114)				(0.158)				(0.235)				(0.115)				(0.159)				(0.236)
educfyrs15				0.0356				-0.00584				-0.0172				0.00795				-0.0127				-0.0145				0.0341
				(0.175)				(0.114)				(0.158)				(0.234)				(0.115)				(0.159)				(0.236)
educfyrs16				0.0253				-0.0120				-0.0216				-0.00317				-0.00682				-0.00846				0.0366
				(0.175)				(0.114)				(0.158)				(0.234)				(0.115)				(0.159)				(0.236)
educfyrs17				0.0139				-0.00561				-0.0148				0.00763				-0.0142				-0.0122				0.0329
				(0.175)				(0.114)				(0.158)				(0.234)				(0.115)				(0.159)				(0.236)
educfyrs18				0.0190				-0.0165				-0.0262				-0.0146				-0.0131				-0.0107				0.0246
				(0.183)				(0.115)				(0.159)				(0.236)				(0.115)				(0.159)				(0.237)
educfyrs19				0.000861				-0.00720				-0.00668				-0.00240				-0.0253				-0.0145				0.0146
				(0.191)				(0.115)				(0.160)				(0.238)				(0.115)				(0.160)				(0.239)
height			-0.000154	-0.000203			-0.000246***	-0.000231***			-0.000435***	-0.000431***			-0.000556***	-0.000542***			1.91e-05	-3.65e-05			-6.02e-05	-0.000147			-0.000151	-0.000227*
			(0.000167)	(0.000167)			(8.21e-05)	(8.25e-05)			(0.000111)	(0.000112)			(0.000138)	(0.000139)			(7.90e-05)	(7.91e-05)			(0.000106)	(0.000106)			(0.000132)	(0.000132)
bmi			-0.00206***	-0.00194***			-0.000748***	-0.000651***			-0.000827***	-0.000745***			-0.000900***	-0.000860***			-0.00181***	-0.00172***			-0.00190***	-0.00185***			-0.00213***	-0.00206***
			(0.000244)	(0.000242)			(0.000146)	(0.000142)			(0.000182)	(0.000178)			(0.000217)	(0.000214)			(0.000143)	(0.000139)			(0.000176)	(0.000171)			(0.000219)	(0.000212)
poor1			-0.000714	-0.00188			0.00547*	0.00426			0.00323	0.00338			0.00439	0.00327			-0.00378	-0.00500**			-0.00588*	-0.00627**			-0.00469	-0.00561
			(0.00404)	(0.00399)			(0.00323)	(0.00312)			(0.00422)	(0.00404)			(0.00495)	(0.00477)			(0.00244)	(0.00239)			(0.00313)	(0.00305)			(0.00352)	(0.00343)
cont_name1	0.0449***	0.0469***	0.0378***	0.0349***													0.0357***	0.0388***	0.0289***	0.0264***	0.0418***	0.0421***	0.0314***	0.0286***	0.0397***	0.0397***	0.0308***	0.0276***
	(0.00249)	(0.00286)	(0.00307)	(0.00329)													(0.00117)	(0.00293)	(0.00214)	(0.00226)	(0.00160)	(0.00314)	(0.00256)	(0.00274)	(0.00200)	(0.00300)	(0.00275)	(0.00295)
cont_name2	0.0157***	0.00321	-0.0101	-0.00826													0.00393***	-0.00118	-0.00879*	-0.00940**	0.0106***	0.0101	-0.000450	-0.00356	0.0127***	0.0126	-0.00152	-0.00254
	(0.00334)	(0.00904)	(0.00988)	(0.00915)													(0.00140)	(0.00472)	(0.00504)	(0.00469)	(0.00199)	(0.00623)	(0.00695)	(0.00635)	(0.00258)	(0.00826)	(0.00938)	(0.00860)
cont_name3	-0.0205	-0.0321	-0.000501	-0.000451													0.000224	-0.00775	0.0124	0.00883	0.00242	0.00181	0.0272*	0.0219	-0.0114	-0.0115	0.0162	0.0107
	(0.0448)	(0.0456)	(0.0451)	(0.0451)													(0.00699)	(0.00992)	(0.00794)	(0.00785)	(0.0148)	(0.0165)	(0.0153)	(0.0152)	(0.0237)	(0.0251)	(0.0241)	(0.0242)
educfyrs			-0.00401***				-0.00251***				-0.00246***				-0.00263***				-0.00291***				-0.00300***				-0.00311***	
			(0.000697)				(0.000527)				(0.000634)				(0.000770)				(0.000545)				(0.000600)				(0.000704)	
yearc3						-0.0255	-0.0402	-0.0413	-0.976***	-0.0933	-0.0598	-0.0962					0.0113	-0.00109	-0.0215	-0.0262	-0.00646	-0.0733	-0.0908	-0.0651				
						(0.213)	(0.210)	(0.214)	(0.274)	(0.232)	(0.178)	(0.230)					(0.282)	(0.215)	(0.213)	(0.213)	(0.276)	(0.233)	(0.232)	(0.231)				
yearc33						-0.0289	-0.0341	-0.0292									0.0308	-0.0352	-0.0550	-0.0486								
						(0.146)	(0.145)	(0.145)									(0.244)	(0.146)	(0.144)	(0.145)								
educmale5								-0.0393												-0.0524								
								(0.140)												(0.141)								
educfyrs20								0.0137				0.0340				0.0791				0.0102				0.0417				0.111
								(0.117)				(0.169)				(0.244)				(0.117)				(0.169)				(0.245)
educfyrs21								-0.0116				-0.0227								-0.0220				-0.0333				
								(0.122)				(0.193)								(0.122)				(0.194)				
educfyrs22								-0.00986												-0.0343								
								(0.161)												(0.162)								
educfyrs23								-0.0149				-0.00767								-0.0282				-0.0218				
								(0.137)				(0.223)								(0.137)				(0.224)				
educfyrs24								-0.0118												-0.0413								
								(0.228)												(0.229)								
yearc83									-0.855***												0.0720							
									(0.274)												(0.276)							
yearc30														-0.0560	-0.0754										-0.0246	-0.0338	-0.0444	-0.0643
														(0.238)	(0.238)										(2,024)	(0.240)	(0.239)	(0.239)
Constant	-0.161	0.0192	0.114	0.0427	-0.0493	0.0208	0.0938***	0.0834	0.874***	0.0184	0.119	0.111	0.0166	0.0341	0.159***	0.141	-0.125	-0.0103	0.0501*	0.0541	-0.0946	-0.0211	0.0440	0.0431	-0.0161	-0.00662	0.0889	0.0566
	(0.245)	(0.0762)	(0.0870)	(0.191)	(0.140)	(0.0206)	(0.0277)	(0.117)	(0.224)	(0.158)	(0.160)	(0.224)	(1,969)	(0.0507)	(0.0596)	(0.240)	(0.199)	(0.0218)	(0.0295)	(0.117)	(0.225)	(0.160)	(0.162)	(0.225)	(2,024)	(0.0539)	(0.0635)	(0.241)
																												
Observations	56,087	56,087	55,910	55,208	169,398	169,398	168,899	166,615	114,708	114,708	114,367	112,958	80,948	80,948	80,693	79,809	169,398	169,398	168,899	166,615	114,708	114,708	114,367	112,958	80,948	80,948	80,693	79,809
R-squared	0.014	0.006	0.012	0.014	0.033	0.031	0.034	0.034	0.031	0.031	0.033	0.034	0.026	0.026	0.028	0.028	0.018	0.015	0.022	0.023	0.017	0.017	0.022	0.024	0.013	0.013	0.018	0.019
Standard errors in parentheses																												
*** p<0.01, ** p<0.05, * p<0.1																												
