   1.0000000e+00   1.0000000e+00   1.5691330e+01   2.9220085e-01   4.4917653e+00   5.0439890e+00
   1.0000000e+00   2.0000000e+00   8.0105135e+00   9.3922921e-02   5.5221820e-01   7.6236236e-02
   1.0000000e+00   3.0000000e+00   2.3585443e+00   1.8696812e+00  -1.3858873e+00   4.8017088e-01
   1.0000000e+00   4.0000000e+00  -7.2022567e+00   2.6189222e+00  -5.7916672e+00   8.3858524e+00
   1.0000000e+00   5.0000000e+00   1.8427762e+00   4.0923356e+00  -5.3244410e-01   7.0874179e-02
   1.0000000e+00   6.0000000e+00  -1.3515627e+00   4.9791593e+00  -1.6862017e+00   7.1081904e-01
   1.0000000e+00   7.0000000e+00   6.8050286e+00   2.2366376e+00   1.0208331e+00   2.6052505e-01
   1.0000000e+00   8.0000000e+00   6.0381976e+00   1.1321840e+00   8.5190773e-02   1.8143669e-03
   1.0000000e+00   9.0000000e+00   4.4970213e+00  -1.5543704e+00  -2.0286745e+00   1.0288801e+00
   1.0000000e+00   1.0000000e+01   7.5602124e+00   5.0219609e+00   2.7910866e+00   1.9475412e+00
   2.0000000e+00   1.0000000e+00   2.2815886e+01  -3.6473481e-01   7.7255755e+00   1.4921129e+01
   2.0000000e+00   2.0000000e+00   1.8526459e+01  -1.2560609e+00   5.1351989e+00   6.5925671e+00
   2.0000000e+00   3.0000000e+00  -5.6134542e-01  -1.6644889e+00  -4.6129172e+00   5.3197512e+00
   2.0000000e+00   4.0000000e+00  -1.1267582e+01  -2.3583989e-01  -9.2517108e+00   2.1398538e+01
   2.0000000e+00   5.0000000e+00   5.4325007e-01   2.5480830e+00  -1.9543335e+00   9.5485484e-01
   2.0000000e+00   6.0000000e+00   5.7870093e+00   6.0094796e+00   2.3982445e+00   1.4378941e+00
   2.0000000e+00   7.0000000e+00   1.1987044e+01   5.3417934e+00   5.1644186e+00   6.6678049e+00
   2.0000000e+00   8.0000000e+00   8.6489109e+00   3.7091326e+00   2.6790218e+00   1.7942894e+00
   2.0000000e+00   9.0000000e+00   8.6563884e+00  -1.1644249e+00   2.4598177e-01   1.5126758e-02
   2.0000000e+00   1.0000000e+01   7.5178553e+00  -9.4430137e-04   2.5845552e-01   1.6699814e-02
   3.0000000e+00   1.0000000e+00   2.3416364e+01  -4.8007312e+00   5.8078167e+00   8.4326836e+00
   3.0000000e+00   2.0000000e+00   2.4473574e+01  -2.5376265e+00   7.4679735e+00   1.3942657e+01
   3.0000000e+00   3.0000000e+00  -1.7223954e+00  -4.5440392e+00  -6.6332173e+00   1.0999893e+01
   3.0000000e+00   4.0000000e+00  -1.8170854e+01  -2.6580397e+00  -1.3914447e+01   4.8402956e+01
   3.0000000e+00   5.0000000e+00  -9.6819306e+00  -1.1771722e+00  -8.9295514e+00   1.9934222e+01
   3.0000000e+00   6.0000000e+00   5.4849147e+00   4.0979398e+00   1.2914273e+00   4.1694610e-01
   3.0000000e+00   7.0000000e+00   1.5263674e+01   5.4132514e+00   6.8384625e+00   1.1691142e+01
   3.0000000e+00   8.0000000e+00   8.9259454e+00   5.8589401e+00   3.8924428e+00   3.7877777e+00
   3.0000000e+00   9.0000000e+00   6.4612781e+00  -1.4967360e+00  -1.0177289e+00   2.5894305e-01
   3.0000000e+00   1.0000000e+01  -8.6717162e-01  -3.5360383e+00  -5.7016050e+00   8.1270748e+00
   4.0000000e+00   1.0000000e+00   1.0251446e+01  -2.3149390e+00   4.6825327e-01   5.4815280e-02
   4.0000000e+00   2.0000000e+00   2.5122212e+01   1.7673240e+00   9.9447680e+00   2.4724603e+01
   4.0000000e+00   3.0000000e+00   8.5898618e+00  -1.4914309e+00   4.9215464e-02   6.0554047e-04
   4.0000000e+00   4.0000000e+00  -2.8615834e+00  -2.5127099e+00  -6.1871466e+00   9.5701959e+00
   4.0000000e+00   5.0000000e+00  -2.7194976e+00  -1.6152188e+00  -5.6673582e+00   8.0297372e+00
   4.0000000e+00   6.0000000e+00   8.1471903e+00   3.3578607e+00   2.2525255e+00   1.2684678e+00
   4.0000000e+00   7.0000000e+00   1.1343365e+01   7.0638524e+00   5.7036087e+00   8.1327882e+00
   4.0000000e+00   8.0000000e+00   5.0163410e+00   6.0575384e+00   2.0369397e+00   1.0372809e+00
   4.0000000e+00   9.0000000e+00  -4.8536970e-01  -3.5395954e+00  -5.5124826e+00   7.5968660e+00
   4.0000000e+00   1.0000000e+01   3.0884939e+00  -4.9681810e+00  -4.4398435e+00   4.9280527e+00
   5.0000000e+00   1.0000000e+00   2.8555084e+00  -1.5066833e+00  -2.8255875e+00   1.9959861e+00
   5.0000000e+00   2.0000000e+00   1.1790070e+01   6.2310246e+00   5.5105472e+00   7.5915326e+00
   5.0000000e+00   3.0000000e+00   5.0036759e+00   2.4468581e+00   2.2526703e-01   1.2686309e-02
   5.0000000e+00   4.0000000e+00  -8.6883653e+00  -2.2726064e+00  -8.9804859e+00   2.0162282e+01
   5.0000000e+00   5.0000000e+00   1.7708965e+00  -2.3355778e+00  -3.7823407e+00   3.5765252e+00
   5.0000000e+00   6.0000000e+00   6.9701793e+00   7.3209954e-01   3.5113941e-01   3.0824722e-02
   5.0000000e+00   7.0000000e+00   8.3716612e+00   1.4822798e+00   1.4269705e+00   5.0906119e-01
   5.0000000e+00   8.0000000e+00  -6.2299212e+00  -2.8898493e-01  -6.7594530e+00   1.1422551e+01
   5.0000000e+00   9.0000000e+00  -4.7363696e+00  -5.0249262e+00  -8.3806479e+00   1.7558815e+01
   5.0000000e+00   1.0000000e+01   8.1717623e+00   2.1239117e+00   1.6478370e+00   6.7884170e-01
   6.0000000e+00   1.0000000e+00   5.4180504e+00   4.0282828e+00   1.2231666e+00   3.7403412e-01
   6.0000000e+00   2.0000000e+00   5.6552823e+00   5.6956635e+00   2.1754729e+00   1.1831706e+00
   6.0000000e+00   3.0000000e+00   8.7603942e+00   2.7857218e+00   2.2730580e+00   1.2916982e+00
   6.0000000e+00   4.0000000e+00   6.9500909e-02  -3.5796125e+00  -5.2550558e+00   6.9039029e+00
   6.0000000e+00   5.0000000e+00   6.6735706e+00  -5.0757489e+00  -2.7010892e+00   1.8239707e+00
   6.0000000e+00   6.0000000e+00   7.0871602e+00  -4.3758216e+00  -2.1443307e+00   1.1495385e+00
   6.0000000e+00   7.0000000e+00   9.4536342e+00  -9.7416725e-01   7.3973348e-01   1.3680141e-01
   6.0000000e+00   8.0000000e+00   6.6549534e+00   6.6152135e-01   1.5823736e-01   6.2597653e-03
   6.0000000e+00   9.0000000e+00   9.2866762e+00  -8.4690756e-01   7.1988430e-01   1.2955835e-01
   6.0000000e+00   1.0000000e+01   1.8321693e+01   4.1577826e+00   7.7397377e+00   1.4975885e+01
   7.0000000e+00   1.0000000e+00   1.1935093e+01   2.7127163e+00   3.8239045e+00   3.6555614e+00
   7.0000000e+00   2.0000000e+00   7.0881406e+00   2.1321726e+00   1.1101566e+00   3.0811193e-01
   7.0000000e+00   3.0000000e+00   1.3529007e+01   8.7686301e-02   3.3083467e+00   2.7362894e+00
   7.0000000e+00   4.0000000e+00  -5.6086943e-02  -5.2744016e+00  -6.1652442e+00   9.5025592e+00
   7.0000000e+00   5.0000000e+00   8.5903914e+00  -5.9834680e+00  -2.1965383e+00   1.2061951e+00
   7.0000000e+00   6.0000000e+00   1.1567297e+01  -3.5399777e+00   5.1365951e-01   6.5961522e-02
   7.0000000e+00   7.0000000e+00   1.9706269e+01  -3.1090774e+00   4.7985957e+00   5.7566301e+00
   7.0000000e+00   8.0000000e+00   6.2981928e+00   5.3006932e-01  -8.5868960e-02   1.8433696e-03
   7.0000000e+00   9.0000000e+00   1.4185168e+01   1.3256888e+00   4.2554284e+00   4.5271678e+00
   7.0000000e+00   1.0000000e+01   1.6505127e+01   6.8552258e+00   8.1801764e+00   1.6728821e+01
   8.0000000e+00   1.0000000e+00   1.0471989e+01  -1.8034461e+00   8.3427123e-01   1.7400212e-01
   8.0000000e+00   2.0000000e+00   5.4111711e+00  -4.1268844e+00  -2.8578566e+00   2.0418361e+00
   8.0000000e+00   3.0000000e+00   1.0232109e+01  -1.9297014e+00   6.5120372e-01   1.0601657e-01
   8.0000000e+00   4.0000000e+00   1.7268636e+00  -3.1297910e+00  -4.2014637e+00   4.4130742e+00
   8.0000000e+00   5.0000000e+00   7.2725585e+00  -1.1448055e+00  -4.3612351e-01   4.7550928e-02
   8.0000000e+00   6.0000000e+00   1.0094012e+01   4.8462465e-01   1.7893184e+00   8.0041512e-01
   8.0000000e+00   7.0000000e+00   1.7206887e+01   9.5633600e-01   5.5816113e+00   7.7885961e+00
   8.0000000e+00   8.0000000e+00   1.4401595e+01   6.0134220e+00   6.7075083e+00   1.1247667e+01
   8.0000000e+00   9.0000000e+00   2.0006208e+01   5.0537974e+00   9.0300027e+00   2.0385237e+01
   8.0000000e+00   1.0000000e+01   1.7428420e+01   6.4981321e+00   8.4632759e+00   1.7906760e+01
   9.0000000e+00   1.0000000e+00   1.1957534e+01   1.2827687e-01   2.5429055e+00   1.6165921e+00
   9.0000000e+00   2.0000000e+00   1.1515970e+01  -1.0909360e+00   1.7125171e+00   7.3317874e-01
   9.0000000e+00   3.0000000e+00   1.4609667e+01   1.1119432e+00   4.3608049e+00   4.7541549e+00
   9.0000000e+00   4.0000000e+00  -3.5389468e-01   1.9056342e-01  -3.5816656e+00   3.2070822e+00
   9.0000000e+00   5.0000000e+00   8.2627670e+00   7.2881150e+00   4.2754410e+00   4.5698490e+00
   9.0000000e+00   6.0000000e+00   1.2679646e+01   9.5771561e+00   7.6284013e+00   1.4548126e+01
   9.0000000e+00   7.0000000e+00   1.3528256e+01   6.2162715e+00   6.3722636e+00   1.0151436e+01
   9.0000000e+00   8.0000000e+00  -4.4717916e-01   4.7793917e+00  -1.3338937e+00   4.4481812e-01
   9.0000000e+00   9.0000000e+00   4.9331483e+00   4.6993637e+00   1.3162560e+00   4.3313243e-01
   9.0000000e+00   1.0000000e+01   1.5245852e+01   8.8707793e+00   8.5583158e+00   1.8311192e+01
   1.0000000e+01   1.0000000e+00   9.6480206e+00   1.2963291e+00   1.9721748e+00   9.7236840e-01
   1.0000000e+01   2.0000000e+00  -2.9541741e+00  -4.1285187e+00  -7.0413464e+00   1.2395140e+01
   1.0000000e+01   3.0000000e+00   3.3634903e+00  -3.1415706e-01  -1.9753334e+00   9.7548550e-01
   1.0000000e+01   4.0000000e+00  -2.7500593e-01   2.7697656e+00  -2.2526202e+00   1.2685744e+00
   1.0000000e+01   5.0000000e+00   1.4388814e+01   1.2187560e+01   9.7881872e+00   2.3952152e+01
   1.0000000e+01   6.0000000e+00   8.9912896e+00   9.0495802e+00   5.5204349e+00   7.6188004e+00
   1.0000000e+01   7.0000000e+00  -1.2249091e-02   3.5862979e+00  -1.7129756e+00   7.3357134e-01
   1.0000000e+01   8.0000000e+00   6.2342717e-02   1.0966413e+00  -2.9205080e+00   2.1323417e+00
   1.0000000e+01   9.0000000e+00   1.7101667e+00   1.5160088e+00  -1.8869122e+00   8.9010945e-01
   1.0000000e+01   1.0000000e+01   1.4900227e+01   4.4222089e+00   6.1612178e+00   9.4901512e+00
