-----------------------------------------------------------------------------
             Low Inc, S~n Low Inc, T~n Mid Inc, S~e Mid Inc, T~n        Total
-----------------------------------------------------------------------------
fert                3.670        6.092        3.348        5.425        3.609
                  (2.365)      (2.581)      (2.272)      (2.609)      (2.372)

idealnumkids        4.181        5.296        3.340        4.127        3.892
                  (2.500)      (2.828)      (2.084)      (2.497)      (2.403)

agemay              30.92        34.19        31.99        34.93        31.40
                  (7.980)      (7.163)      (8.105)      (7.156)      (8.038)

educf               3.984        3.339        6.816        6.117        5.030
                  (4.369)      (4.032)      (4.794)      (5.048)      (4.735)

height              155.6        157.7        155.6        157.2        155.7
                  (7.085)      (6.987)      (6.956)      (6.957)      (7.042)

bmi                 21.89        22.47        25.83        26.50        23.38
                  (3.984)      (4.098)      (5.066)      (5.437)      (4.822)

underweight         0.172        0.122       0.0344       0.0276        0.119
                  (0.377)      (0.328)      (0.182)      (0.164)      (0.324)

exceedfam           0.297        0.513        0.319        0.567        0.311
                  (0.457)      (0.500)      (0.466)      (0.495)      (0.463)
-----------------------------------------------------------------------------
