-----------------------------------------------------------------------------
             Low Inc, S~n Low Inc, T~n Mid Inc, S~e Mid Inc, T~n        Total
-----------------------------------------------------------------------------
educ                3.660        3.204        5.445        5.043        4.446
                  (3.576)      (3.293)      (3.867)      (3.760)      (3.810)

school_zsc~e     -0.00843      -0.0156       0.0119      -0.0428     0.000144
                  (1.001)      (0.963)      (0.998)      (0.987)      (1.000)

noeduc              0.207        0.222       0.0649       0.0786        0.144
                  (0.405)      (0.416)      (0.246)      (0.269)      (0.351)

infantmort~y       0.0158       0.0917      0.00946       0.0497       0.0141
                  (0.125)      (0.289)     (0.0968)      (0.217)      (0.118)

childmorta~y       0.0239        0.108       0.0122       0.0535       0.0199
                  (0.153)      (0.310)      (0.110)      (0.225)      (0.140)
-----------------------------------------------------------------------------
